0 1 0.22 0.2
0 2 0.97 0.81
0 3 0.18 0.07
0 4 0.91 0.51
0 5 0.56 0.66
0 6 0.98 0.22
0 7 0.5 0.75
0 8 0.07 0.07
0 9 0.97 0.15
0 10 0.3 0.71
0 11 0.62 0.27
0 12 0.36 0.45
0 13 0.91 0.97
0 14 0.38 0.65
0 15 0.53 0.42
0 16 0.9 0.44
0 17 0.1 0.34
0 18 0.29 0.24
0 19 0.18 0.76
0 20 0.9 0.94
0 21 0.35 0.95
0 22 0.48 0.83
0 23 0.53 0.6
0 24 0.33 0.27
0 25 0.25 0.09
0 26 0.83 0.31
0 27 0.94 0.65
0 28 0.04 0.54
0 29 0.86 0.53
0 30 0.36 0.87
1 17 0.77 0.86
1 31 0.82 0.73
1 12 0.99 0.6
1 15 0.83 0.84
1 9 0.37 0.65
1 23 0.25 0.07
1 32 0.16 0.17
1 33 0.34 0.62
1 21 0.25 0.78
1 34 0.18 0.1
1 2 0.15 0.07
1 8 0.62 0.81
1 19 0.16 0.69
1 35 0.9 0.78
1 6 0.98 1
1 5 0.9 0.82
1 7 0.09 0.19
1 36 0.55 0.37
1 10 0.2 0.65
1 3 0.01 0.11
1 37 0.74 0.26
1 18 0.6 0.91
2 38 0.11 0.85
2 20 0.81 0.49
2 39 0.85 0.46
2 12 0.61 0.86
2 6 0.75 0.53
2 7 0.25 0.46
2 33 0.37 0.27
2 27 0.74 0.35
2 22 0.45 0.54
2 40 0.65 0.05
2 41 0.17 0.13
2 42 0.26 0.04
2 8 0.56 0.33
2 10 0.02 0.35
2 3 0.43 0.22
2 17 0.44 0.8
2 18 0.19 0.88
2 43 0.37 0.78
2 15 0.35 0.88
2 44 0.08 0.46
2 45 0.66 0.52
2 5 0.66 0.32
2 19 0.48 0.15
2 26 0.39 0.84
2 21 0.23 0.32
2 46 0.38 0.37
2 47 0.78 0.97
2 48 0.77 0.2
2 49 0.94 0.61
2 11 0.3 0.21
2 50 0.89 0.82
2 51 0.8 0.97
2 52 0.98 0.36
2 53 0.82 0.5
2 54 0.04 0.69
2 55 0.41 0.29
3 56 0.04 0.07
3 57 0.69 0.73
3 58 0.95 0.62
3 59 0.63 0.89
3 45 0.39 0.85
3 60 0.69 0.07
3 61 0.63 0.5
3 62 0.8 0.66
3 63 0.24 0.06
3 64 0.04 0.56
3 65 0.07 0.57
3 66 0.17 0.24
3 10 0.49 0.23
3 67 0.16 0.19
3 68 0.06 0.93
3 69 0.61 0.23
3 70 0.63 0.44
3 21 0.23 0.03
3 71 0.72 0.84
4 5 0.04 0.9
4 72 0.5 0.54
4 73 0.31 0.95
4 12 0.86 0.72
4 74 0.42 0.44
4 75 0.8 0.39
4 76 0.68 0.15
4 77 0.72 0.63
4 78 0.15 1
5 6 0.61 0.08
5 27 0.68 0.03
5 12 0.2 0.16
5 33 0.16 0.36
5 79 0.96 0.42
5 80 0.01 0.98
5 15 0.08 0.31
5 17 0.49 0.01
5 81 0.17 0.23
5 26 0.52 0.89
5 82 0.75 0.51
5 7 0.72 0.48
5 83 0.2 0.51
5 84 0.36 0.04
5 85 0.75 0.73
5 86 0.69 0.33
5 21 0.8 0.63
6 87 0.78 0.94
6 88 0.31 0.53
6 21 0.72 0.67
6 18 0.55 0.72
6 89 0.05 0.17
6 15 0.65 0.68
6 90 0.98 0.76
6 91 0.39 0.97
6 92 0.85 0.14
6 93 0.03 0.52
6 27 0.81 0.21
6 12 0.76 0.09
6 94 0.78 0.9
6 95 0.88 0.65
6 96 0.72 0.19
6 97 0.29 0.36
6 98 0.39 0.33
6 99 0.09 0.65
6 9 0.22 0.8
6 75 0.61 0.66
6 14 0.29 0.76
6 8 0.77 0.02
7 100 0.85 0.28
7 21 0.43 0.73
7 101 0.52 0.91
7 27 0.61 0.03
8 21 0.02 0.32
8 102 0.9 0.31
8 12 0.9 0.62
8 103 0.67 0.57
8 40 0.2 0.62
8 23 0.19 0.62
8 20 1 0.26
8 104 0.54 0.83
8 15 0.19 0.42
8 105 0.74 0.17
8 106 0.56 0.56
8 9 0.9 0.91
8 29 0.67 0.57
9 107 0.71 0.4
9 108 0.42 0.11
9 33 0.19 0.65
9 109 0.6 0.17
9 110 0.43 0.84
9 111 0.43 0.38
9 15 0.24 0.56
9 112 0.31 0.65
9 23 0.02 0.69
9 69 0.06 0.28
9 113 0.62 0.92
9 114 0.35 0.87
9 115 0.82 0.48
9 29 0.62 0.24
9 116 0.78 0.1
9 117 0.64 0.4
9 118 0.17 0.82
9 119 0.94 0.79
9 120 0.4 0.6
9 121 0.84 0.73
9 122 0.85 0.33
9 123 0.71 0.63
9 124 0.02 0.01
9 125 0.38 0.59
9 126 0.7 0.13
9 127 0.59 0.37
9 128 0.02 0.77
9 129 0.39 0.35
10 130 0.72 0.6
10 72 0.1 0.33
10 44 0.55 0.71
10 131 0.04 0.25
10 132 0.07 0.92
10 133 0.18 0.71
10 134 0.99 0.84
10 21 0.28 0.07
10 135 0.05 0.36
10 19 0.43 0.72
10 18 0.04 0.2
10 17 0.68 0.55
10 136 0.35 0.7
10 137 0.88 0.41
10 26 0.48 0.26
10 24 0.99 0.59
11 138 0.44 0.69
11 139 0.05 0.26
11 140 0.96 0.76
11 141 0.28 0.78
11 83 0.55 0.99
11 142 0.04 0.6
11 143 0.46 0.79
11 144 0.71 0.81
11 145 0.86 0.64
11 146 0.03 0.72
11 147 0.69 0.84
11 148 0.53 0.94
11 149 0.58 0.73
11 150 0.12 0.82
11 151 0.01 0.33
11 152 0.89 0.85
12 153 0.47 0.98
12 154 0.38 0.97
12 155 0.9 0.22
12 23 0.56 0.22
12 156 0.27 0.9
12 27 0.74 0.9
12 21 0.28 0.35
12 157 0.14 0.87
12 15 0.07 0.43
12 17 0.18 0.51
12 158 0.15 0.69
12 13 0.68 0.64
12 68 0.27 0.93
12 44 0.14 0.67
12 105 0.79 0.55
12 75 0.86 0.3
12 152 1 0.09
12 159 0.19 0.65
13 14 0.33 0.71
13 160 0.46 0.69
13 161 0.96 0.49
13 162 0.85 0.73
13 163 0.71 0.37
13 122 0.36 0.71
13 32 0.31 0.19
13 23 0.23 0.13
13 164 0.53 0.8
13 165 0.35 0.74
13 33 0.89 0.79
13 166 0.32 0.25
13 123 0.19 0.45
13 167 0.34 0.18
13 109 0.79 0.84
13 168 0.39 0.93
13 169 0.93 0.65
13 170 0.15 0.07
13 171 0.2 0.34
13 172 0.39 0.98
13 173 0.38 0.34
13 79 0.88 0.86
13 135 0.18 0.91
13 111 0.65 0.77
13 174 0.7 0.07
13 175 0.3 0.35
13 106 0.4 0.22
13 176 0.43 0.76
13 177 0.84 0.16
13 178 0.9 0.06
13 15 0.62 0.31
13 179 0.61 0.76
13 180 0.88 0.88
13 181 0.63 0.36
14 75 0.34 0.38
14 182 0.77 0.35
14 183 0.6 0.43
14 184 0.71 0.59
14 185 0.54 0.54
14 186 0.99 0.91
14 123 0.51 0.57
14 32 0.56 0.51
14 187 0.03 0.55
14 188 0.76 0.54
14 189 0.98 0.5
14 167 0.11 0.68
14 33 0.24 0.66
14 190 0.82 0.08
14 92 0.42 0.65
14 22 0.87 0.55
15 191 0.43 0.78
15 107 0.86 0.4
15 23 0.5 0.99
15 192 0.4 0.9
15 122 0.82 0.42
15 193 0.19 0.8
15 194 0.78 0.21
15 33 0.98 0.58
15 195 0.79 0.98
15 196 0.51 0.88
15 197 0.45 0.27
15 198 0.55 0.1
15 29 0.24 0.9
15 126 0.28 0.76
15 199 0.08 0.11
15 76 0.02 0.41
15 104 0.23 0.56
15 200 0.77 0.49
15 201 0.55 0.02
15 202 0.18 0.81
15 203 0.86 0.76
15 204 0.55 0.71
15 205 0.05 0.02
15 206 0.05 0.41
15 207 0.89 0.22
15 208 0.66 0.42
15 209 0.06 0.81
15 32 0.96 0.27
15 210 0.6 0.83
15 211 0.5 0.3
15 212 0.32 0.17
15 213 0.3 0.11
15 214 0.45 0.44
15 215 0.3 0.41
15 55 0.01 0.71
15 216 0.02 0.75
15 217 0.2 0.05
15 218 0.09 0.25
15 219 0.34 0.46
15 128 0.69 0.41
15 220 0.37 0.09
15 221 0.16 0.08
16 114 0.93 0.87
16 23 0.12 0.6
16 33 0.04 0.66
16 222 0.34 0.88
16 223 0.66 0.18
16 224 0.85 0.53
17 24 0.51 0.44
17 38 0.21 0.34
17 25 0.85 0.54
17 225 0.36 0.19
17 22 0.67 0.67
17 37 0.87 0.23
17 226 0.23 0.94
17 20 0.46 0.63
17 26 0.85 0.03
17 18 0.09 0.63
17 21 0.12 0.65
17 227 0.12 0.83
18 228 0.2 0.14
18 229 0.16 0.28
18 37 0.77 0.17
18 230 0.82 0.21
18 19 0.75 0.17
18 26 0.9 0.86
18 69 0.8 0.59
18 136 0.78 0.97
18 231 0.36 0.86
18 185 0.91 0.31
18 119 0.08 0.57
18 81 0.12 0.51
18 232 0.1 0.29
18 233 0.37 0.48
18 234 0.57 0.03
18 235 0.04 0.32
18 236 0.92 0.87
18 237 0.85 0.42
18 238 0.9 0.23
18 239 0.48 0.15
18 40 0.8 0.24
18 85 0.38 0.75
19 232 0.94 0.2
19 227 1 0.44
19 80 0.12 0.69
19 49 0.02 0.05
19 240 0.01 0.14
19 40 0.95 0.78
19 241 1 0.95
19 105 0.04 1
19 242 0.17 0.03
19 42 0.76 0.92
19 243 0.55 0.67
19 21 0.68 0.09
20 244 0.87 0.45
20 245 0.97 0.14
20 39 0.94 0.38
20 24 0.04 0.24
20 45 0.73 0.27
20 40 0.09 1
20 53 0.27 0.4
20 246 0.39 0.06
20 247 0.16 0.16
20 46 0.41 0.39
20 248 0.85 0.84
20 249 0.86 1
20 250 0.31 0.6
20 222 0.64 0.54
20 251 0.31 0.8
20 252 0.05 0.53
20 22 0.67 0.59
20 49 0.17 0.47
20 253 0.28 0.5
20 104 0.89 0.76
20 254 0.71 0.14
20 209 0.01 0.61
20 213 0.15 0.19
20 205 0.37 0.31
20 54 0.03 1
20 156 0.9 0.77
20 255 0.26 0.28
20 106 0.01 0.69
20 90 0.58 0.48
20 238 0.73 0.93
20 256 0.74 0.52
20 257 0.88 0.65
20 258 0.4 0.49
20 58 0.28 0.66
20 259 0.15 0.31
20 38 0.72 0.89
20 102 0.87 0.92
20 103 0.5 0.31
20 260 0.57 0.8
21 26 0.1 0.53
21 37 0.04 0.25
21 31 0.95 0.31
22 261 0.68 0.47
22 262 0.34 0.59
22 239 0.92 0.85
22 263 0.57 0.67
22 37 0.09 0.87
22 264 0.92 0.31
22 265 0.15 0.46
22 226 0.99 0.37
22 53 0.46 1
22 181 0.98 0.74
22 133 0.39 0.94
22 134 0.55 0.15
22 24 0.89 0.2
22 42 0.07 0.51
22 245 0.21 0.55
22 44 0.07 0.15
22 266 0.72 0.96
22 267 0.84 0.66
22 38 0.02 0.94
22 142 0.42 0.59
22 268 0.86 0.42
22 269 1 0.31
22 270 0.79 0.86
22 271 0.34 0.76
22 45 0.68 0.74
22 43 0.28 0.82
22 41 0.92 0.25
22 272 0.5 0.78
22 79 0.57 0.43
22 195 0.07 0.59
22 254 0.55 0.28
22 273 0.66 0.95
22 274 0.63 0.77
22 275 0.69 0.78
22 49 0.04 0.47
22 276 0.85 0.58
22 277 0.15 0.18
22 278 0.14 0.33
22 96 0.16 0.36
22 279 0.13 0.6
22 202 0.12 0.97
22 229 0.63 0.59
22 280 0.87 0.76
22 281 0.3 0.14
22 282 0.16 0.55
22 283 0.25 0.67
23 107 0.52 0.46
23 284 0.1 0.01
23 108 0.08 0.17
23 285 0.45 0.67
23 181 0.16 0.85
23 33 0.74 0.41
23 175 0.27 0.28
23 286 0.3 0.81
23 287 0.09 0.8
23 262 0.77 0.3
23 288 0.01 0.15
23 114 0.55 0.01
23 289 0.89 0.66
23 166 0.64 0.39
23 69 0.22 0.62
23 290 0.51 0.3
23 118 0.97 0.77
23 291 0.21 0.43
23 123 0.96 0.56
23 57 0.09 0.01
23 29 0.63 0.94
23 167 0.58 0.7
23 32 0.45 0.06
23 115 0.23 0.01
23 292 0.43 0.66
23 293 0.82 0.68
23 173 0.25 0.52
23 294 0.69 0.72
23 109 0.4 0.31
23 119 0.04 0.76
23 120 0.98 0.83
23 295 0.05 0.93
23 296 0.97 0.74
23 111 0.4 0.86
24 25 0.07 0.38
24 226 0.4 0.96
24 38 0.89 0.83
24 286 0.05 0.28
24 264 0.68 0.3
24 297 0.2 0.6
24 298 0.54 0.48
24 299 0.91 0.14
24 300 0.29 0.84
24 61 0.57 0.24
24 301 0.34 0.22
24 125 0.9 0.81
24 59 0.17 0.74
24 302 1 0.73
24 237 0.56 0.72
26 94 0.28 0.98
26 237 0.44 0.42
26 303 0.23 0.97
26 234 0.71 0.7
26 69 0.19 0.34
26 185 0.16 0.05
26 231 0.46 0.85
26 229 0.95 0.44
26 37 0.3 0.61
26 304 0.85 0.79
26 85 0.96 0.45
26 274 1 0.26
26 305 0.99 0.04
26 306 0.8 0.21
27 33 0.6 0.64
27 232 0.84 0.84
27 181 0.71 0.59
27 307 0.8 0.75
27 308 0.43 0.16
27 279 0.24 0.69
28 309 0.73 0.63
28 310 0.96 0.55
28 311 0.88 0.38
28 312 0.76 0.56
28 313 0.04 0.49
28 146 0.37 0.52
28 314 0.82 0.6
28 315 0.33 0.72
29 316 0.33 0.8
29 317 0.86 0.71
29 318 0.56 0.87
29 319 0.17 0.46
29 320 0.62 0.56
29 321 0.89 0.73
29 322 0.51 0.93
29 323 0.72 0.79
29 48 0.7 0.81
29 324 0.95 0.57
29 325 0.12 0.32
29 177 0.84 0.15
29 33 0.86 0.38
29 195 0.68 0.41
29 326 0.6 0.28
29 327 0.15 0.07
29 217 0.17 0.69
29 199 0.08 0.47
29 210 0.02 0.19
29 193 0.07 0.42
29 200 0.51 0.88
30 328 0.17 0.49
30 44 0.13 0.59
30 329 0.6 0.85
30 258 0.75 0.55
30 250 0.57 0.28
30 103 0.73 0.39
30 330 0.59 0.59
30 201 0.84 0.7
30 156 0.28 0.37
30 331 0.14 0.1
30 332 0.48 0.28
30 333 0.99 0.34
30 53 0.46 0.26
30 334 0.31 0.66
30 335 0.71 0.87
30 244 0.26 0.53
30 336 0.92 0.55
30 337 1 0.93
30 338 0.56 0.13
30 339 0.2 0.07
30 240 0.11 0.33
31 340 0.92 0.08
32 33 0.04 0.13
32 119 0.59 0.31
32 168 0.26 0.57
33 307 0.81 0.88
33 107 0.63 0.69
33 341 0.51 0.75
33 342 0.99 0.78
33 181 0.74 0.15
33 54 0.38 0.64
33 69 0.96 0.87
37 343 0.96 0.91
37 344 0.6 0.42
37 50 0.41 0.27
37 269 0.42 0.95
37 236 0.65 0.81
37 230 0.01 0.46
37 232 0.24 0.19
37 345 0.66 0.68
37 346 0.64 0.91
37 274 0.92 0.25
37 347 0.29 0.84
37 240 0.96 0.99
37 253 0.81 0.57
37 348 0.2 0.82
37 349 0.48 1
37 350 0.97 0.85
37 351 0.09 0.95
37 329 0.19 0.82
37 352 0.84 0.54
38 353 0.73 0.49
38 45 0.74 0.12
38 226 0.76 0.71
38 51 0.19 0.67
38 104 0.48 0.17
38 249 0.81 0.92
38 312 0.2 0.85
38 41 0.51 0.12
38 244 0.73 0.45
38 239 0.9 0.67
38 245 0.66 0.74
38 42 0.62 0.21
38 354 0.23 0.63
38 355 0.98 0.74
38 356 0.96 0.05
38 313 0.27 0.87
38 331 0.85 0.57
38 357 0.13 1
38 106 0.3 0.11
38 40 0.57 0.08
38 44 0.93 0.63
38 264 0.27 0.5
38 49 0.68 0.83
39 358 0.34 0.96
39 53 0.94 0.89
39 54 0.56 0.29
39 335 0.01 0.28
39 267 0.74 0.68
39 353 0.89 0.58
39 292 0.06 0.08
39 359 0.7 0.52
39 45 1 0.06
39 360 0.17 0.22
39 55 0.32 0.26
39 361 0.89 0.87
39 362 0.29 0.29
39 363 0.5 0.08
39 48 0.9 0.37
39 46 0.16 0.73
39 41 0.58 0.16
39 364 0.9 0.42
39 354 0.32 0.28
39 104 0.17 0.91
39 156 0.33 0.14
39 57 0.95 0.07
39 202 0.3 0.1
39 365 0.22 0.83
39 366 0.28 0.12
40 353 0.99 0.36
40 352 0.93 0.47
40 86 0.83 0.08
40 367 0.41 0.44
40 244 0.21 0.38
40 261 0.36 0.53
40 259 0.63 0.5
40 357 0.39 0.57
40 133 0.57 0.58
40 269 0.48 0.66
40 53 0.21 0.31
40 368 0.05 0.64
40 249 0.5 0.95
40 369 0.14 0.11
40 370 0.49 0.83
40 209 0.46 0.71
40 193 0.3 0.68
40 49 0.21 0.63
40 371 0.24 0.95
40 134 0.67 0.97
40 245 0.46 0.44
40 331 0.72 0.66
40 102 0.42 0.56
40 50 0.55 0.95
40 372 0.89 0.24
40 61 0.45 0.92
40 47 0.17 0.86
40 45 0.13 0.07
40 373 0.92 0.24
40 105 0.33 0.38
40 93 0.37 0.92
40 374 0.93 0.69
40 237 0.26 0.33
40 375 0.66 0.65
40 376 0.09 0.03
40 333 0.6 0.4
40 246 0.42 0.1
40 377 0.28 0.63
40 378 0.14 0.39
40 354 0.91 0.54
40 46 0.67 0.25
40 190 0.72 0.3
40 234 0.95 0.99
41 302 0.65 0.19
41 379 0.2 0.93
41 380 0.07 0.85
41 104 0.61 0.42
41 381 0.99 0.82
41 371 0.38 0.15
41 270 0.87 0.63
41 382 0.65 0.84
41 383 0.69 0.44
41 384 0.35 0.42
41 385 0.17 0.56
41 386 0.44 0.57
41 355 0.37 0.05
41 387 0.47 0.78
41 388 0.75 0.98
41 49 0.01 0.62
41 389 0.94 0.12
41 390 0.41 0.99
41 313 0.63 0.29
41 391 0.29 0.9
41 103 0.14 0.62
41 244 0.26 0.38
41 332 0.41 0.28
41 392 0.84 0.47
41 331 0.88 0.14
41 43 0.32 0.47
41 393 0.29 0.24
41 377 0.29 0.24
41 394 0.73 0.05
41 395 0.11 0.64
41 396 0.64 0.19
41 336 0.67 0.37
41 354 0.07 0.45
41 397 0.54 0.4
41 353 0.95 0.37
41 44 0.67 0.64
41 133 0.32 0.4
41 334 0.12 0.42
41 156 0.06 0.99
41 398 0.59 0.28
41 399 0.42 0.43
41 337 0.81 0.84
41 400 0.77 0.71
41 83 0.66 0.68
41 401 0.52 0.42
41 402 0.65 0.33
41 403 0.24 0.6
42 268 0.37 0.26
42 45 0.73 0.07
42 404 0.16 0.06
42 281 0.44 0.96
42 229 0.89 0.61
42 239 0.38 0.65
43 340 0.33 0.03
43 405 0.53 0.98
43 406 0.71 0.89
43 407 0.85 0.61
43 331 0.82 0.93
43 408 0.67 0.25
43 409 0.86 0.21
43 385 0.36 0.48
43 410 0.62 0.15
43 411 0.5 0.61
43 134 0.3 0.25
43 51 0.04 0.11
43 382 0.95 0.45
43 412 0.93 0.22
43 413 0.94 0.28
44 414 0.68 0.79
44 398 0.46 0.39
44 72 0.74 0.29
44 332 0.78 0.24
44 415 0.68 0.44
44 354 1 0.69
44 416 0.5 0.94
44 417 0.85 0.72
44 250 0.35 0.45
44 418 0.23 0.58
44 226 0.36 0.16
44 419 0.28 0.79
44 420 0.43 0.78
44 49 0.6 0.22
44 421 0.75 0.44
44 53 0.28 0.91
44 190 0.91 0.36
44 422 0.52 0.87
44 361 0.64 0.75
44 423 0.09 0.59
44 348 0.43 0.5
44 424 1 0.03
44 132 0.19 0.73
44 258 0.06 0.75
45 58 0.47 0.09
45 398 0.81 0.32
45 71 0.21 0.86
45 61 0.92 0.9
45 57 0.81 0.07
45 425 0.17 0.41
45 353 0.94 0.02
45 63 0.82 0.38
45 56 0.42 0.41
45 372 0.02 0.56
45 70 1 0.48
45 413 0.82 0.36
45 68 0.69 0.89
45 80 0.3 0.56
45 65 0.4 0.02
45 426 0.01 0.28
45 281 0.98 0.05
45 427 0.62 0.65
45 428 0.51 0.91
45 67 0.54 0.1
45 350 0.88 0.09
45 240 0.57 0.46
45 429 0.35 0.67
45 245 0.17 0.53
45 430 0.36 0.16
45 51 0.47 0.91
45 431 0.24 0.32
45 47 0.88 0.49
46 432 0.91 0.98
46 336 0.81 0.87
46 103 0.95 0.9
47 295 0.65 0.04
47 331 0.44 0.15
47 433 0.64 0.52
47 366 0.24 0.99
48 53 0.8 0.02
48 75 0.1 0.64
48 184 0.78 0.06
48 268 0.95 0.94
48 343 0.23 0.14
48 240 0.98 0.82
48 91 0.67 0.09
48 302 0.64 0.58
48 327 0.62 0.58
48 205 0.27 0.19
48 434 0.38 0.2
48 54 0.83 0.62
48 292 0.6 0.35
48 435 0.72 0.69
48 104 0.19 0.59
48 115 0.86 0.96
48 389 0.78 0.07
48 436 0.11 0.46
48 127 0.65 0.17
48 360 0.56 0.58
48 78 0.85 0.8
48 200 0.68 0.95
48 273 0.76 0.76
48 316 0.6 0.84
48 320 0.95 0.91
48 326 0.27 0.4
48 437 0.52 0.2
48 438 0.96 0.15
48 212 0.2 0.1
48 201 0.94 0.27
48 439 0.05 0.54
48 324 0.57 0.9
48 321 0.13 0.46
48 440 0.86 0.82
48 55 0.39 0.64
48 441 0.44 0.9
48 362 0.99 0.44
49 258 0.41 0.08
49 367 0.39 0.74
49 51 0.5 0.54
49 227 0.51 0.73
49 80 0.75 0.2
49 240 0.9 0.45
49 353 0.07 0.68
49 442 0.96 0.7
49 443 0.53 0.36
49 190 0.75 0.23
49 244 0.21 0.36
49 323 0.61 0.73
49 366 0.7 0.62
49 337 0.29 0.34
49 270 0.11 0.08
49 313 0.19 0.07
49 403 0.25 0.44
49 332 0.4 0.64
50 444 0.14 0.08
50 445 0.08 0.03
50 104 0.32 0.96
50 55 0.08 0.49
50 446 0.94 0.58
50 353 0.75 0.63
50 352 0.11 0.84
50 53 0.75 0.19
50 447 0.45 0.85
50 448 0.66 0.08
50 367 0.52 0.46
50 277 0.97 0.28
50 365 0.94 0.16
50 449 0.06 0.75
50 337 0.38 0.33
50 256 0.52 0.6
50 450 0.3 0.43
50 339 0.49 0.67
50 268 0.12 0.48
51 451 0.49 0.79
51 452 0.63 0.57
51 227 0.8 0.77
51 240 0.02 0.84
51 80 0.08 0.52
51 350 0.96 0.35
51 268 0.84 0.14
51 181 0.37 0.66
51 127 0.62 0.41
51 453 0.89 0.91
51 332 0.88 0.72
51 132 0.21 0.97
51 364 0.81 0.58
51 339 1 0.56
51 253 0.79 0.47
51 454 0.79 0.15
51 455 0.01 0.07
51 145 0.53 0.81
51 456 0.42 0.13
51 361 0.36 0.5
51 366 0.54 1
51 457 0.77 0.35
51 156 0.22 0.68
51 334 0.96 0.66
51 247 0.08 0.34
51 134 0.03 0.03
51 315 0.84 0.7
51 458 0.41 0.35
51 401 0.3 0.25
51 286 0.79 0.85
51 459 0.77 0.58
51 412 0.61 0.87
51 460 0.83 0.59
52 71 0.11 0.2
53 186 0.68 0.93
53 123 0.45 0.19
53 86 0.21 0.15
53 182 0.67 0.56
53 353 0.7 0.99
53 188 0.36 0.87
53 267 0.51 0.85
53 453 0.06 0.67
53 345 0.02 0.95
53 75 0.2 0.8
53 328 0.28 0.75
53 330 0.05 0.84
53 184 0.08 0.75
53 461 0.29 0.88
53 377 0.33 0.14
53 462 0.01 0.14
53 332 0.83 0.88
53 463 0.49 0.05
53 315 0.29 0.14
53 464 0.79 0.37
53 190 0.56 0.86
53 465 0.35 0.67
53 466 0.01 0.73
54 467 0.34 0.52
54 359 0.41 0.67
54 104 0.07 0.59
54 258 0.34 0.45
54 316 0.2 0.74
54 468 0.51 0.2
54 323 0.06 0.45
54 200 0.9 0.04
54 55 0.27 0.43
54 127 0.81 0.51
55 469 0.95 0.79
55 334 0.4 0.43
55 250 0.8 0.61
55 391 0.48 0.86
55 331 0.2 0.59
55 470 0.68 0.75
55 359 0.37 0.31
55 363 0.24 0.05
55 326 0.39 0.47
55 471 0.8 0.97
55 288 0.11 0.17
55 206 0.41 0.49
55 201 0.56 0.99
55 195 0.97 0.28
55 472 0.58 0.63
55 211 0.42 0.57
55 212 0.93 0.4
55 389 0.31 0.51
55 292 0.17 0.17
55 200 0.52 0.14
55 127 0.81 0.48
55 193 0.72 0.66
55 436 0.63 0.1
55 104 0.17 0.81
55 132 0.92 0.51
55 473 0.06 0.82
55 209 0.41 0.65
55 76 0.19 0.93
55 213 0.27 0.39
56 61 0.26 0.51
56 57 0.05 0.37
56 474 0.27 0.92
56 64 0.55 0.93
56 475 0.53 0.1
56 476 0.53 0.66
56 477 0.93 0.77
56 478 0.53 0.79
56 479 0.42 0.88
56 58 0.03 0.11
56 281 0.97 0.12
56 68 0.17 0.73
56 425 0.54 0.8
56 71 0.45 0.91
56 480 0.48 0.74
56 63 0.73 0.09
56 65 0.95 0.81
56 372 0.33 0.39
56 481 0.55 0.37
56 482 0.64 0.22
56 483 0.8 0.26
56 484 0.74 0.63
56 419 0.07 0.79
56 485 0.94 0.57
56 230 0.85 0.42
56 486 0.77 0.75
57 71 0.49 0.37
57 58 0.32 0.09
57 63 0.4 0.34
57 65 0.94 0.92
57 68 0.11 0.91
57 487 0.38 0.92
57 61 0.89 0.96
57 425 0.89 0.58
57 281 0.18 0.4
57 372 0.29 0.5
57 191 0.74 0.66
57 285 0.13 0.47
57 350 0.15 0.8
57 392 0.81 0.25
57 488 0.08 0.35
57 66 0.41 0.59
57 489 0.21 0.15
57 490 0.55 0.07
57 254 0.01 0.88
57 438 0.56 0.62
57 491 0.6 0.06
57 492 0.85 0.2
57 205 0.74 0.02
57 493 0.08 0.84
57 123 0.57 0.33
57 106 0.74 0.64
57 494 0.72 0.97
57 111 0.57 0.3
58 63 0.64 0.77
58 65 0.23 0.98
58 70 0.12 0.01
58 68 0.73 0.82
58 281 0.1 0.3
58 61 0.58 0.92
58 425 0.37 0.44
58 71 0.87 0.67
58 429 0.54 0.14
58 495 0.05 0.5
58 496 0.77 0.12
58 497 0.01 0.43
58 255 0.68 0.13
58 498 0.55 0.03
59 484 0.92 0.78
60 469 0.39 0.24
60 63 0.05 0.58
60 243 0.39 0.36
60 499 0.23 0.83
60 67 0.54 0.14
60 131 0.43 0.13
60 500 0.38 0.99
60 484 0.94 0.85
60 501 0.61 0.51
61 502 0.71 0.67
61 62 0.1 0.75
61 63 0.98 0.98
61 503 0.22 0.87
61 372 0.65 0.39
61 340 0.89 0.9
61 504 0.46 0.33
61 370 0.11 0.15
61 139 0.07 0.48
61 184 0.36 0.48
61 144 0.69 0.05
61 266 0.19 0.72
61 149 0.74 0.86
61 202 0.22 0.15
61 71 0.38 0.15
61 70 0.6 1
61 65 0.61 0.7
61 475 0.17 0.41
61 66 0.24 0.63
62 426 0.35 0.5
62 505 0.96 0.27
62 506 0.86 0.83
62 507 0.64 0.33
62 149 0.01 0.14
62 70 0.31 0.04
62 508 0.54 0.81
62 475 0.31 0.02
63 484 0.99 0.12
63 64 0.16 0.57
63 67 0.61 0.11
63 89 0.33 0.62
63 505 0.56 0.24
63 281 0.08 0.53
63 509 0.48 0.02
63 68 0.93 0.95
63 71 0.69 0.29
63 482 0.74 0.2
64 482 0.13 0.67
64 67 0.17 0.27
64 484 0.87 0.04
64 281 0.39 0.55
64 509 0.13 0.81
64 429 0.88 0.74
64 89 0.48 0.19
64 476 0.39 1
64 474 0.41 0.04
64 510 0.86 0.26
64 511 0.26 0.94
64 512 0.89 0.34
64 475 0.34 0.72
64 480 0.57 0.13
64 513 0.88 0.55
65 315 0.34 0.22
65 514 0.11 0.2
65 367 0.43 0.35
65 68 0.52 0.5
65 70 0.55 0.06
65 281 0.84 0.23
65 425 0.88 0.52
65 71 0.34 0.08
66 429 0.72 0.13
66 515 0.06 0.47
66 484 0.11 0.9
66 285 0.9 0.61
66 281 0.31 0.5
66 237 0.16 0.15
66 489 0.72 0.95
66 490 0.68 0.34
66 516 0.93 0.19
66 517 0.23 0.22
66 518 0.93 0.81
67 469 0.76 0.31
67 499 0.5 0.62
67 484 0.07 0.69
67 509 0.83 0.14
67 429 0.26 0.39
67 89 0.12 0.37
67 281 0.45 0.38
67 519 0.66 0.71
67 510 0.44 0.54
67 68 0.42 0.86
67 372 0.36 0.36
68 443 0.2 0.06
68 505 0.47 0.77
68 520 0.04 0.64
68 521 0.55 0.91
68 522 0.01 0.18
68 523 0.84 0.4
68 524 0.16 0.45
68 425 0.1 0.14
68 71 0.24 0.89
68 525 0.34 0.32
68 526 0.42 0.02
68 431 0.69 0.1
68 508 0.62 0.37
68 89 0.97 0.05
68 527 0.82 0.6
68 361 0.86 0.91
68 465 0.14 0.16
68 348 0.69 0.85
68 218 0.28 0.45
68 528 0.52 0.47
68 499 0.2 0.88
69 529 0.18 0.47
69 232 0.31 0.62
69 107 0.06 0.74
69 238 0.95 0.12
69 443 0.26 0.47
69 329 0.86 1
69 81 0.96 1
69 530 0.35 0.52
69 116 0.49 0.07
69 279 0.41 0.97
69 168 0.49 0.92
69 354 0.66 0.66
69 181 0.68 0.23
69 491 0.4 0.47
69 531 0.52 0.25
69 494 0.63 0.97
69 169 0.27 0.96
70 507 0.59 0.08
70 232 0.85 0.79
70 426 0.2 0.62
70 428 0.13 0.09
70 133 0.91 0.01
70 532 0.46 0.55
70 510 0.02 0.65
71 533 0.8 0.91
71 425 0.21 0.97
71 534 0.49 0.13
71 535 0.39 0.39
71 536 0.02 0.97
71 368 0.09 0.76
71 506 0.95 0.71
71 284 0.93 0.55
71 537 0.57 0.2
71 499 0.06 0.71
71 538 0.01 0.88
71 510 0.89 0.43
71 539 0.56 0.93
71 281 0.12 0.96
71 338 0.14 0.69
71 454 0.75 0.79
71 352 0.56 0.76
71 395 0.49 0.35
71 540 0.21 0.95
71 372 0.47 0.03
71 541 0.42 0.28
71 267 0.32 0.97
71 350 0.94 0.61
71 139 0.81 0.58
71 422 0.83 0.84
71 509 0.25 0.79
71 355 0.61 0.72
72 419 0.36 0.02
72 375 0.89 0.91
72 542 0.83 0.45
72 132 0.06 0.19
72 543 0.71 0.85
72 466 0.55 0.26
72 269 0.07 0.36
72 446 0.74 0.68
72 527 0.45 0.67
72 259 0.97 0.91
72 544 0.02 0.26
72 545 0.2 0.08
72 88 0.07 0.37
72 377 0.51 0.11
72 412 0.9 0.64
72 421 0.55 0.81
72 546 0.21 0.97
72 547 0.53 0.96
73 232 0.54 0.3
73 133 0.17 0.68
73 253 0.62 0.71
73 548 0.33 0.44
73 465 0.83 0.79
73 503 0.65 0.64
73 549 0.08 0.75
73 286 0.08 0.93
73 550 0.5 0.74
73 551 0.71 0.96
73 193 0.12 0.61
73 205 0.63 0.3
73 195 0.25 0.46
73 127 0.78 1
73 504 0.76 0.94
73 552 0.11 0.41
73 185 0.44 0.96
73 100 0.99 0.43
73 553 0.14 0.31
73 554 0.27 0.71
74 555 0.61 0.44
74 556 0.86 0.71
74 353 0.79 0.75
74 557 0.95 0.33
74 151 0.64 0.42
74 558 0.06 0.13
74 467 0.81 1
74 559 0.34 0.07
74 266 0.73 0.85
74 147 0.97 0.08
74 560 0.55 0.96
75 182 0.95 0.34
75 186 0.29 0.66
75 184 0.16 0.89
75 552 0.01 0.41
75 83 0.55 0.92
75 561 0.23 0.39
75 188 0.94 0.8
75 395 0.42 0.58
75 266 0.1 0.29
75 146 0.97 0.77
75 116 0.3 0.41
75 104 0.9 0.96
75 315 0.18 0.13
75 268 0.96 0.07
75 562 0.04 0.79
75 563 0.08 0.96
75 564 0.22 0.67
75 565 0.29 0.38
75 189 0.74 0.35
75 566 0.18 0.81
75 567 0.05 0.65
75 466 0.48 0.7
75 149 0.51 0.92
75 465 0.36 0.37
75 461 0.76 0.59
75 232 0.26 0.73
75 185 0.8 0.55
75 568 0.22 0.6
75 123 0.95 0.01
75 340 0.81 0.11
75 569 0.35 0.9
75 79 0.22 0.85
75 118 0.77 0.31
75 570 0.09 0.42
75 571 0.44 0.93
75 572 0.57 0.95
75 351 0.01 0.06
76 419 0.29 0.63
76 146 0.51 0.7
76 573 0.44 0.77
76 322 0.58 0.5
76 195 0.39 0.24
77 332 0.63 0.24
77 182 0.07 0.48
77 112 0.2 0.17
77 180 0.66 0.37
77 175 0.72 0.08
77 161 0.88 0.53
77 196 0.79 0.38
77 160 0.56 0.29
77 574 0.72 0.37
77 119 0.73 0.33
77 120 0.55 0.94
78 575 0.06 0.15
78 127 0.78 0.12
78 132 0.22 0.14
78 135 0.15 0.71
78 321 0.04 0.37
78 200 0.31 0.35
78 335 0.17 0.48
78 104 0.23 1
78 399 0.13 0.53
78 576 0.07 0.58
79 183 0.19 0.84
79 577 0.47 0.42
79 268 0.72 0.97
79 578 0.98 0.93
79 579 0.67 0.35
79 580 0.08 0.74
79 581 0.93 0.66
79 115 0.07 0.74
79 84 0.19 0.65
79 400 0.56 0.71
79 399 0.76 0.14
79 576 0.05 0.3
79 104 0.89 0.84
79 175 1 0.91
79 582 0.64 0.26
79 126 0.45 0.97
79 273 0.29 0.15
79 583 0.39 0.95
79 193 0.88 0.63
79 360 1 0.36
79 119 0.15 0.6
79 160 0.68 0.79
80 227 0.02 0.31
80 133 0.11 0.8
80 584 0.58 0.16
80 451 0.67 0.06
80 240 0.1 0.22
80 585 0.18 0.2
80 154 0.18 0.29
80 586 0.82 0.36
80 332 0.9 0.37
80 453 0.39 0.21
80 459 0.97 0.89
80 553 0.45 0.19
80 587 0.61 1
80 307 0.06 0.75
80 259 0.41 0.92
80 93 0.62 0.43
80 242 0.51 0.83
80 404 0.88 0.43
80 203 0.96 0.3
81 233 0.12 0.32
81 305 0.8 0.44
81 232 0.9 0.1
81 179 0.33 0.76
81 268 0.11 0.25
81 236 0.37 0.38
81 93 0.04 0.67
81 404 0.85 0.65
81 181 0.72 0.51
81 380 0.36 0.54
81 274 0.92 0.73
81 175 0.26 0.61
81 112 0.86 0.16
81 300 0.55 0.37
81 519 0.74 0.48
81 588 0.2 0.21
81 459 0.68 0.86
81 276 0.61 0.68
81 200 0.12 0.81
81 587 0.53 0.84
82 589 0.3 0.12
82 387 0.39 0.35
82 238 0.11 0.29
82 142 0.31 0.69
82 242 0.48 0.42
83 353 0.14 0.42
83 140 0.44 0.67
83 142 0.38 0.72
83 331 0.22 0.59
83 145 0.24 0.73
83 590 0.52 0.8
83 149 0.34 0.63
83 139 0.11 0.04
83 572 0.09 0.33
83 152 0.26 0.05
83 151 0.34 0.44
84 397 0.56 0.56
84 591 0.98 0.44
84 592 0.41 0.87
84 211 0.44 0.45
84 127 0.37 0.94
84 218 0.75 0.92
84 593 0.27 0.19
84 197 0.81 0.24
84 594 0.29 0.2
84 214 0.79 0.74
84 192 0.21 0.38
84 290 0.52 0.6
84 327 0.34 0.41
84 221 0.33 0.02
84 204 0.61 0.1
84 400 0.33 0.11
84 129 0.49 0.76
84 326 1 0.05
84 517 0.4 0.7
84 595 0.38 0.86
85 428 0.3 0.78
85 596 0.66 0.65
85 597 0.17 0.27
85 377 0.66 0.91
85 232 0.53 0.49
85 94 0.43 0.34
85 453 0.88 0.54
85 93 0.35 0.21
86 182 0.33 0.04
86 133 0.61 0.68
86 566 0.73 0.89
87 91 0.22 0.35
87 598 0.77 0.92
87 203 0.43 0.74
87 218 0.83 0.81
87 599 0.02 0.28
87 517 0.98 0.22
87 600 0.19 0.39
87 192 0.51 0.73
87 593 0.95 0.58
87 197 0.94 0.38
87 258 0.7 0.31
88 453 0.41 0.25
88 463 0.61 0.74
88 92 0.52 0.43
88 601 0.35 0.81
88 602 0.49 0.01
88 603 0.96 0.52
89 426 0.43 0.77
89 484 0.02 0.29
89 281 0.08 0.18
89 509 0.53 0.95
89 429 0.61 0.96
89 604 0.89 0.44
89 605 0.25 0.5
89 606 0.8 0.92
89 506 0.29 0.76
89 607 0.78 0.85
89 395 0.14 0.11
89 425 0.41 0.14
89 603 0.33 0.56
89 608 0.25 0.53
89 609 0.01 0.19
89 284 0.23 0.53
89 602 0.37 0.89
90 610 0.38 0.99
90 255 0.11 0.49
90 232 0.9 0.71
90 611 0.86 0.23
90 268 0.88 0.77
90 612 0.91 0.15
90 368 0.4 0.25
90 613 0.58 0.18
90 614 1 0.76
90 443 0.16 0.97
91 615 1 0.32
91 616 0.75 0.5
91 617 0.96 0.86
91 200 0.82 0.64
91 283 0.39 0.43
91 618 0.88 0.25
91 156 0.08 0.52
91 619 0.59 0.23
91 573 0.38 0.64
91 258 0.32 0.16
92 620 0.89 0.31
92 453 0.25 0.01
92 601 0.18 0.03
92 188 0.7 0.06
92 602 0.92 0.37
92 621 0.6 0.53
92 622 0.29 0.56
92 623 0.51 0.95
92 624 0.52 0.62
92 464 0.71 0.49
92 625 0.57 0.82
92 626 0.34 0.37
92 190 0.88 0.4
92 627 0.81 0.06
92 117 0.95 0.53
92 628 0.22 0.69
93 629 0.37 0.23
93 98 0.21 0.85
93 265 0.09 0.01
93 630 0.87 0.06
93 375 0.48 0.77
93 631 0.03 0.26
93 230 0.88 0.09
93 350 0.3 0.03
93 456 0.97 0.2
93 136 0.83 0.85
93 605 0.61 0.6
93 632 0.02 0.46
93 232 0.05 0.85
93 567 0.47 0.69
93 236 0.49 0.48
93 130 0.71 0.72
93 597 0.46 0.45
93 596 0.12 0.6
93 240 0.39 0.14
94 453 0.42 0.95
94 631 0.93 0.32
95 375 0.74 0.8
95 611 0.54 0.37
95 99 0.88 0.57
95 633 0.67 0.11
95 609 0.5 0.02
95 456 0.24 0.52
97 634 0.44 0.01
97 597 0.37 0.52
97 635 0.1 0.44
97 626 0.53 0.36
98 134 0.07 0.09
98 601 0.26 0.8
98 188 0.9 0.34
99 597 0.71 0.52
100 264 0.61 0.96
100 195 0.94 0.45
100 270 0.86 0.86
100 636 0.66 0.38
100 581 0.89 0.48
100 403 0.53 0.09
100 131 0.98 0.44
100 467 0.62 0.52
100 637 0.61 0.37
100 127 0.58 0.22
100 553 0.42 0.34
101 338 0.23 0.9
101 369 0.06 0.09
102 638 0.69 0.6
102 245 0.84 0.61
102 613 0.52 0.48
103 153 0.53 0.93
103 332 0.13 0.73
103 134 0.62 0.22
103 500 0.36 0.7
103 403 0.89 0.77
103 127 0.82 0.84
103 200 0.73 0.45
103 217 0.24 0.2
103 639 0.63 0.84
103 326 0.49 0.48
103 104 0.54 0.85
104 332 0.85 0.34
104 544 0.92 0.88
104 334 0.52 0.64
104 182 0.64 0.9
104 330 0.87 0.37
104 419 0.88 0.08
104 577 0.67 0.96
104 413 0.37 0.49
104 235 0.86 0.64
104 467 0.28 0.99
104 377 0.54 0.05
104 226 0.21 0.45
104 273 0.4 0.23
104 438 0.57 0.61
104 399 0.68 0.42
104 389 0.94 0.71
104 209 0.58 0.96
104 445 0.4 1
104 640 0.57 0.37
104 199 0.4 0.93
104 213 0.1 0.67
104 203 0.77 0.62
104 195 0.69 0.51
104 205 0.94 0.44
104 127 0.27 0.64
104 641 0.99 0.03
104 642 0.09 0.46
104 643 0.74 0.54
104 595 0.69 0.84
104 644 0.81 0.81
104 645 0.13 0.98
104 197 0.6 0.63
104 646 0.63 0.36
104 283 0.06 0.23
104 128 0.29 0.97
104 202 0.63 0.92
104 258 0.5 0.08
104 115 0.5 0.47
104 647 0.89 0.2
104 212 0.38 0.83
104 290 1 0.19
104 204 0.88 0.71
104 217 0.93 0.97
104 648 0.46 0.26
104 649 0.08 0.93
104 650 0.89 0.37
104 502 0.35 0.9
104 250 0.6 0.22
104 320 0.9 0.88
104 201 0.94 0.8
104 360 0.92 0.56
104 200 0.83 0.51
104 471 0.78 0.94
104 216 0.26 0.3
104 436 0.78 0.82
104 215 0.79 0.65
104 306 0.43 0.85
105 537 0.33 0.67
105 587 0.6 0.5
105 424 0.07 0.3
105 651 0.82 0.13
105 652 0.26 0.68
105 451 0.06 0.96
105 653 0.07 0.16
105 654 0.7 0.3
105 655 0.71 0.04
105 267 0.46 0.91
105 414 0.01 0.03
105 656 0.2 0.7
105 457 0.16 0.36
105 657 0.85 0.52
105 133 0.05 0.83
105 136 0.17 0.17
105 357 0.22 0.29
105 658 0.27 0.21
105 338 0.41 0.24
105 659 0.29 0.27
105 660 0.29 0.43
105 661 0.67 0.71
105 662 0.8 0.78
105 663 0.86 0.74
105 390 0.26 0.22
105 466 0.19 0.56
105 664 0.02 0.86
106 665 0.95 0.11
106 666 0.02 0.17
106 251 0.66 0.99
106 181 0.56 0.23
106 127 0.86 0.3
106 199 0.04 0.58
106 205 0.65 0.33
106 262 0.87 1
106 195 0.78 0.52
106 667 0.56 0.92
106 216 0.28 0.73
107 119 0.58 0.89
107 295 0.62 0.1
109 116 0.02 0.59
109 531 0.02 0.02
109 568 0.76 0.35
109 118 0.46 0.13
109 668 0.17 0.59
109 181 1 0.28
109 123 0.29 0.57
111 332 0.36 0.05
111 270 0.08 0.19
111 178 0.51 0.43
111 669 0.31 0.9
111 164 0.78 0.91
111 279 0.41 0.77
111 670 0.57 0.02
111 162 0.72 0.62
111 119 0.87 0.14
111 167 0.24 0.17
111 354 0.66 0.5
111 113 0.17 0.38
111 169 0.66 0.01
111 180 0.13 0.83
111 166 0.72 0.46
112 133 0.4 0.41
112 671 0.54 0.21
112 175 0.16 0.11
112 180 0.43 0.58
112 123 0.46 0.13
112 161 0.8 0.36
112 167 1 0.33
112 531 0.33 0.42
112 119 0.3 0.89
112 162 0.42 0.86
113 668 0.44 0.67
113 568 0.96 0.89
113 116 0.19 0.53
113 178 0.98 0.21
114 453 0.72 0.18
114 672 0.96 1
114 223 0.84 0.63
114 667 0.22 1
114 224 0.18 0.26
114 286 0.55 0.65
114 254 0.57 0.05
114 673 0.08 0.3
114 366 0.26 0.73
114 674 0.06 0.39
115 469 0.88 0.77
115 675 0.22 0.82
115 676 0.37 0.94
115 343 0.07 0.91
115 677 0.03 0.42
115 268 0.3 0.2
115 467 0.51 0.11
115 592 0.29 0.31
115 126 0.67 0.07
115 127 0.68 0.82
115 273 0.72 0.87
115 647 0.23 0.28
115 445 0.62 0.68
115 304 0.21 0.73
115 389 0.04 0.17
115 204 0.75 0.28
115 678 0.5 0.51
115 438 0.43 0.9
115 193 0.18 0.45
115 214 0.27 0.6
115 212 1 0.91
115 434 0.28 0.55
115 641 0.31 0.51
115 205 0.84 0.71
115 209 0.1 0.71
115 213 0.83 0.71
115 306 0.51 0.43
115 200 0.02 0.02
115 288 0.03 0.35
115 679 0.94 0.58
115 680 0.73 0.62
115 203 0.37 0.1
115 197 0.33 0.73
116 134 0.55 0.13
116 184 0.41 0.06
116 123 0.7 1
116 568 0.98 1
116 118 0.8 0.69
116 166 0.74 0.43
116 681 0.24 0.8
116 132 0.6 0.14
116 160 0.4 0.88
116 531 0.07 0.4
116 119 0.6 0.32
117 682 0.98 0.73
117 516 0.24 0.15
117 440 0.89 0.3
117 628 0.31 0.48
117 204 0.57 0.54
117 683 0.2 0.21
117 468 0.49 0.83
118 123 0.29 0.38
118 168 0.88 0.34
118 668 0.21 0.8
118 568 0.8 0.59
119 232 0.19 0.89
119 331 0.14 0.94
119 684 0.82 0.06
119 568 0.49 0.59
119 531 0.28 0.44
119 165 0.46 0.56
119 177 0.85 0.1
119 167 0.8 0.39
119 164 0.64 0.01
119 181 0.89 0.84
119 668 0.57 0.63
119 173 0.05 0.57
119 175 0.35 0.41
119 168 0.38 0.63
119 169 0.01 0.87
119 160 0.46 0.85
119 171 0.42 0.41
119 162 0.16 0.74
119 178 0.92 0.88
119 180 0.9 0.36
119 562 0.71 0.17
119 296 0.81 0.92
120 177 1 0.2
120 162 0.64 0.45
120 168 0.33 0.72
120 562 0.95 0.58
120 165 0.73 0.15
120 173 0.53 0.46
120 164 0.81 0.66
120 171 0.45 0.99
120 167 0.72 0.34
121 428 0.72 0.06
121 544 0.67 1
121 685 0.21 0.69
121 330 0.34 0.5
121 328 0.99 0.23
121 542 0.38 0.12
121 251 0.82 0.35
121 686 0.83 0.81
121 687 0.4 0.1
121 289 0.37 0.33
121 354 0.73 0.19
121 688 0.97 0.28
121 286 0.78 0.32
123 182 0.93 0.28
123 175 0.84 0.1
123 554 0.66 0.73
123 689 0.88 0.39
123 568 0.98 0.13
123 690 0.93 0.64
124 691 0.54 0.55
124 136 0.87 0.22
124 428 0.67 0.61
124 328 0.56 0.7
124 366 0.72 0.88
124 286 0.94 0.12
124 181 0.67 0.84
124 254 0.81 0.28
124 692 0.78 1
124 693 0.44 0.87
125 683 0.37 0.36
126 646 0.84 0.55
126 273 0.27 0.12
126 593 0.69 0.26
126 694 0.63 0.91
126 695 0.18 0.46
126 207 0.55 0.01
126 445 1 0.58
126 218 0.29 0.3
126 648 0.71 0.12
126 647 0.39 0.2
126 198 0.9 0.82
127 302 0.52 0.07
127 136 0.37 0.37
127 428 0.19 0.5
127 230 0.68 0.14
127 242 0.21 0.04
127 205 0.38 0.6
127 320 0.38 0.06
127 193 0.23 0.25
127 324 0.02 0.46
127 292 0.54 0.9
127 323 0.95 0.42
127 679 0.46 0.4
127 216 0.08 0.87
127 438 0.17 0.06
127 181 0.77 0.21
127 434 0.79 0.63
127 273 0.68 0.9
127 195 0.44 0.48
127 304 0.78 0.74
127 206 0.08 0.66
127 288 0.89 0.16
127 200 0.45 0.98
127 696 0.89 0.98
128 640 0.62 0.87
128 199 0.54 0.81
128 642 0.97 0.85
128 316 0.69 0.71
129 467 0.74 1
129 671 0.53 0.64
129 697 0.04 0.59
129 193 0.53 0.35
129 326 0.38 0.4
129 400 0.72 0.91
129 204 0.36 0.84
129 698 0.52 0.88
129 436 0.26 0.18
130 134 0.7 0.49
130 610 0.36 0.6
130 133 0.43 0.23
130 296 0.83 0.57
130 699 0.51 0.19
130 700 0.39 0.98
130 584 0.48 0.92
130 329 0.36 0.9
130 154 0.29 1
130 535 0.25 0.16
130 701 0.77 1
130 459 0.75 0.48
130 702 0.91 0.73
130 233 0.64 0.77
130 613 0.46 0.74
130 480 0.32 0.95
130 136 0.85 0.96
130 703 0.28 0.21
130 676 0.69 0.19
131 243 0.77 0.1
131 312 0.24 0.05
131 469 0.74 0.95
131 546 0.74 0.89
131 500 0.49 0.49
131 637 0.56 0.21
131 616 0.36 0.86
131 330 0.06 0.86
131 258 0.22 0.19
132 474 0.84 0.94
132 564 0.47 0.59
132 133 0.87 0.34
132 281 0.02 0.67
132 233 0.33 0.1
132 212 0.68 0.92
132 445 0.58 0.54
133 584 0.21 0.49
133 134 0.61 0.6
133 154 0.73 0.79
133 226 0.06 0.99
133 337 0.87 0.16
133 480 0.47 0.43
133 704 0.94 0.25
133 705 0.97 0.08
133 690 0.37 0.87
133 585 0.9 0.22
133 350 0.14 0.28
133 662 0.28 0.66
133 367 0.4 0.32
133 376 0.65 0.6
133 239 0.41 0.94
133 447 0.11 0.09
133 139 0.75 0.24
133 417 0.36 0.62
133 313 0.46 0.46
133 706 0.14 0.36
133 371 0.1 0.9
133 606 0.18 0.28
133 707 0.23 0.27
133 444 0.98 0.63
133 486 0.6 0.58
133 708 0.33 0.65
133 253 0.13 0.5
134 195 0.16 0.77
134 393 0.56 0.04
134 523 0.87 0.59
134 605 0.46 0.03
134 709 0.2 0.97
134 386 0.36 0.85
134 710 0.12 0.76
134 310 0.18 0.45
134 339 0.77 0.35
134 597 0.83 0.8
134 585 0.88 0.19
134 567 0.22 0.63
134 430 1 0.6
134 711 0.97 0.81
134 503 0.87 0.2
134 396 0.34 0.79
134 544 0.05 0.35
134 466 0.14 0.31
134 712 0.76 0.58
134 713 0.84 0.27
134 456 0.81 0.64
134 147 0.57 0.89
134 366 0.72 0.9
134 479 0.15 0.75
134 692 0.86 0.33
134 183 0.96 0.69
134 154 0.12 0.4
134 714 0.98 0.92
134 226 0.83 0.98
134 331 0.75 0.15
135 611 0.16 0.96
135 564 0.81 0.02
135 301 0.79 0.67
135 715 0.97 0.67
135 575 0.9 0.52
135 716 0.47 0.92
135 717 0.79 0.96
135 312 0.66 0.93
135 532 0.06 0.49
135 212 0.47 0.04
135 681 0.5 0.5
136 710 0.73 0.6
136 661 0.7 0.57
136 451 0.15 0.13
136 237 0.39 0.02
136 242 0.31 0.94
136 268 0.95 0.9
136 181 0.12 0.6
136 584 0.94 0.25
136 137 0.28 0.97
136 553 0.42 0.16
136 238 0.39 0.49
136 375 0.39 0.14
136 453 0.18 0.25
136 587 0.18 0.39
136 412 0.51 0.04
136 320 0.12 0.55
136 213 0.46 0.42
136 361 1 0.8
136 229 0.43 0.88
136 442 0.81 0.01
136 519 0.06 0.06
136 419 0.81 0.98
136 232 0.11 0.57
136 458 0.22 0.5
136 331 0.26 0.41
137 229 0.38 0.51
137 239 0.9 0.85
138 146 0.17 0.3
138 145 0.12 0.76
139 146 0.29 0.55
139 147 0.81 0.25
139 141 0.4 0.02
139 149 0.09 0.33
139 145 0.93 0.61
139 298 0.77 0.83
139 266 0.36 0.18
139 353 0.03 0.8
139 503 0.96 0.61
139 142 0.03 0.06
139 299 0.04 0.44
139 348 0.99 0.14
139 718 0.41 0.71
139 151 0.12 0.04
139 331 0.04 0.84
139 328 0.65 0.03
139 648 0.56 0.55
139 395 0.48 0.92
139 719 0.58 0.13
139 572 0.24 0.91
139 720 0.35 0.18
139 504 0.2 0.78
139 144 0.94 0.14
139 148 0.7 0.77
139 721 0.41 0.68
139 313 0.46 0.19
139 311 0.56 0.63
139 312 0.96 0.51
139 332 0.05 0.99
140 353 0.22 0.23
140 722 0.98 0.41
140 718 0.06 0.89
140 141 0.56 0.34
140 145 0.77 0.12
140 151 0.92 0.7
141 142 0.78 0.63
141 353 0.44 0.79
141 151 0.1 0.5
141 722 0.13 0.85
141 648 0.86 0.36
141 590 0.78 0.16
141 403 0.51 0.55
141 146 0.51 0.71
141 147 0.84 0.9
141 149 0.22 0.96
141 145 0.48 0.25
141 723 0.31 0.09
141 442 0.05 0.62
141 312 0.91 0.48
141 503 0.35 0.19
141 354 0.98 0.04
141 331 0.94 0.77
141 577 0.02 0.29
142 722 0.89 0.59
142 146 0.49 0.86
142 238 0.74 0.87
142 145 0.74 0.19
142 724 0.72 0.51
142 725 0.71 0.84
142 632 0.56 0.06
142 503 0.53 0.7
142 331 0.75 0.49
142 412 0.53 0.5
142 726 0.26 0.23
142 395 0.74 0.49
142 590 0.59 0.77
142 380 0.3 0.76
142 727 0.49 0.15
142 728 0.84 0.1
142 729 0.22 0.59
142 589 0.49 0.37
142 410 0.22 0.8
142 298 0.77 0.37
142 409 0.66 0.87
142 275 0.4 0.88
142 730 0.7 0.58
143 558 0.13 0.33
143 731 0.44 0.04
143 386 0.99 0.6
143 732 0.82 0.47
143 733 0.01 0.73
143 363 0.88 0.23
143 555 0.46 0.23
144 370 0.79 0.54
144 415 0.03 0.37
144 330 0.08 0.07
144 734 0.33 0.57
144 145 0.45 0.04
144 735 0.39 0.81
144 266 0.54 0.26
144 240 0.65 0.26
144 572 0.43 0.83
144 184 0.87 0.34
144 236 0.72 0.86
144 353 0.44 0.33
144 149 0.16 0.21
144 371 0.47 0.57
144 151 0.8 0.88
145 370 0.18 0.1
145 572 0.43 0.43
145 146 0.69 0.36
145 353 0.26 0.14
145 149 0.93 0.11
145 331 0.42 0.56
145 184 0.67 0.84
145 736 0.05 0.45
145 147 0.92 0.4
145 504 0.49 0.91
145 148 0.25 0.9
145 361 0.36 0.76
145 315 0.69 0.27
145 238 0.74 0.86
145 427 0.4 0.84
145 228 0.53 0.44
145 151 0.64 0.11
146 151 0.86 0.89
146 313 0.93 0.05
146 182 0.71 0.98
146 149 0.89 0.12
146 737 0.88 0.2
146 238 0.41 0.32
146 572 0.77 0.36
146 506 0.71 0.1
146 738 0.93 0.25
146 353 0.11 0.77
146 719 0.42 0.27
146 395 0.79 0.17
147 205 0.31 0.51
147 572 0.41 0.68
147 363 0.59 0.08
147 718 0.06 0.69
147 377 0.08 0.85
147 151 0.93 0.08
148 266 0.15 0.78
148 720 0.62 0.29
148 736 0.62 0.5
148 370 0.41 0.9
148 572 0.22 0.38
148 184 0.17 0.6
148 504 0.48 0.24
148 149 0.91 0.27
148 151 0.5 0.26
148 691 0.9 0.49
149 151 0.34 0.15
149 353 0.77 0.56
149 572 0.44 0.76
149 240 0.52 0.76
149 539 0.2 0.23
149 182 0.48 0.33
149 242 0.27 0.13
149 403 0.42 0.28
149 577 0.31 0.7
150 240 0.33 0.26
151 738 0.25 0.12
151 266 0.6 0.3
151 370 0.79 0.77
151 734 0.08 0.67
151 558 0.76 0.76
151 299 0.28 0.34
151 556 0.55 0.15
151 242 0.43 0.71
151 736 0.75 0.8
151 572 0.65 0.85
151 739 0.91 0.82
151 740 0.61 0.36
151 184 0.06 0.36
151 722 0.36 0.91
151 741 0.53 0.03
152 395 0.86 0.08
152 742 0.2 0.77
152 743 0.38 0.6
152 411 0.89 0.59
152 744 0.24 0.66
152 745 0.92 0.21
152 746 0.94 0.64
152 355 0.06 0.15
152 589 0.44 0.26
152 747 1 0.8
152 590 0.15 0.02
153 217 0.02 0.46
154 376 0.96 0.73
154 236 0.19 0.01
154 676 0.26 0.3
154 361 0.16 0.55
154 444 0.01 0.17
154 345 0.66 0.01
154 414 0.69 0.34
154 585 0.61 0.81
154 343 0.56 0.92
154 417 0.87 0.1
154 584 0.53 0.86
154 374 0.73 0.33
154 377 0.17 0.62
155 268 0.85 0.36
155 686 0.55 0.12
155 701 0.74 1
155 661 0.07 0.04
155 267 0.97 0.63
156 334 0.98 0.74
156 740 1 0.66
156 245 0.4 0.27
156 331 0.47 0.91
156 332 0.05 0.31
156 748 0.11 0.07
157 749 0.07 0.74
157 750 0.63 0.74
157 660 0.69 0.26
157 751 0.56 0.65
157 390 0.66 0.46
157 752 0.03 0.78
157 394 0.4 0.44
157 753 0.11 0.16
157 182 0.93 0.39
157 754 0.56 0.47
157 648 0.97 0.4
158 755 0.14 0.27
158 433 0.68 0.61
159 756 0.23 0.76
159 757 0.82 0.24
159 758 0.18 0.84
160 189 0.09 0.08
160 182 0.09 0.17
160 184 0.59 0.85
160 583 0.61 0.17
161 583 0.5 0.68
161 175 0.52 0.15
161 195 0.08 0.21
161 326 0.86 0.28
161 196 0.16 0.38
161 400 0.12 0.43
161 698 0.73 0.27
161 296 0.73 0.85
161 197 0.75 0.31
162 632 0.53 0.96
162 350 0.2 0.89
162 759 0.94 0.89
162 488 0.91 0.88
162 321 0.17 0.95
163 270 0.77 0.12
163 172 0.09 0.61
163 166 0.28 0.78
163 167 0.45 0.6
163 321 0.38 0.9
163 164 0.04 0.68
164 238 0.97 0.07
164 171 0.39 0.46
164 173 0.76 0.03
164 166 0.8 0.65
164 562 0.71 0.33
164 165 0.54 0.1
164 167 0.3 0.72
164 296 1 0.51
165 181 0.56 0.01
165 491 0.03 0.13
165 167 0.07 0.46
165 360 0.67 0.07
165 177 0.92 0.45
166 236 0.81 0.94
166 531 0.52 0.41
167 236 0.19 0.71
167 562 0.46 0.63
167 321 0.09 0.17
167 690 0.63 0.37
167 531 0.05 0.5
169 489 0.97 0.95
170 500 0.58 0.9
170 583 0.48 0.9
171 296 0.5 0.86
171 562 0.56 0.78
175 389 0.71 0.48
175 583 0.16 0.27
175 180 0.47 0.16
175 219 0.73 0.46
175 196 0.83 0.34
175 195 0.87 0.92
175 760 0.26 0.41
175 181 0.38 0.13
175 197 0.28 0.65
175 326 0.75 0.58
176 583 0.87 0.95
176 181 0.91 0.33
177 243 0.67 0.59
178 279 1 0.23
178 668 0.83 0.62
180 343 0.59 0.86
180 548 0.05 0.65
180 313 0.56 0.13
180 196 0.45 0.07
181 230 0.22 0.52
181 233 0.93 0.96
181 240 0.24 0.65
181 236 0.89 0.05
181 276 0.96 0.67
181 761 0.79 0.83
181 531 0.66 0.88
181 295 0.61 0.04
181 562 0.01 0.19
181 286 0.62 0.32
181 762 0.89 0.67
181 291 1 0.06
182 566 0.92 0.99
182 186 0.87 0.42
182 763 0.71 0.52
182 699 1 0.24
182 624 0.77 0.96
182 383 0.42 0.22
182 358 0.73 0.3
182 188 0.91 0.61
182 392 0.67 0.22
182 380 0.15 0.34
182 714 0.29 0.28
182 340 0.85 0.25
182 723 0.39 0.38
182 725 0.47 0.15
182 366 0.64 0.54
182 190 0.86 0.45
182 550 0.54 0.8
182 764 0.28 0.77
182 565 0.95 0.3
182 601 0.34 0.69
182 603 0.08 0.53
182 765 1 0.2
182 189 0.4 0.22
182 184 0.06 0.59
183 184 0.68 0.23
183 268 0.89 0.87
183 571 0.58 0.69
183 188 0.72 0.25
183 190 0.98 0.35
183 578 0.02 0.99
183 205 0.44 0.85
184 370 0.12 0.61
184 558 0.76 0.81
184 299 0.35 0.96
184 741 0.45 0.57
184 415 0.66 0.7
184 572 0.06 0.77
184 328 0.58 0.37
184 353 0.65 0.89
184 363 0.26 0.72
184 388 0.54 0.76
184 735 0.93 0.42
184 766 0.91 0.81
184 568 0.5 0.21
184 330 0.47 0.05
184 577 0.13 0.74
184 266 0.76 0.21
184 189 0.39 0.94
185 579 0.79 0.53
185 602 0.7 0.92
185 548 0.94 0.77
185 710 0.23 0.28
185 767 0.92 0.53
185 428 0.47 0.4
185 638 0.12 0.67
185 637 0.52 0.22
185 413 0.33 0.42
186 465 0.37 0.74
186 566 0.41 0.08
186 765 0.97 0.98
186 395 0.22 0.73
186 588 0.89 0.86
187 768 0.36 0.12
187 659 0.14 0.74
187 454 0.08 0.39
187 587 0.74 0.08
187 769 0.34 0.06
187 653 0.63 0.47
187 466 0.87 1
187 770 0.7 1
187 561 0.62 0.03
187 771 0.68 0.25
187 662 0.05 0.95
187 577 0.04 0.12
188 453 0.69 0.99
188 190 0.03 0.12
188 772 0.63 0.54
188 463 0.07 0.09
188 622 0.69 0.7
188 601 0.68 0.59
188 621 0.54 0.87
188 577 0.63 0.5
188 773 0.16 0.51
189 566 0.37 0.56
189 565 0.36 0.53
189 572 0.3 0.67
190 453 0.8 0.36
190 463 0.42 0.24
190 315 0.96 0.85
190 621 0.51 0.33
191 697 0.31 0.85
191 774 0.86 0.06
191 775 0.52 0.27
191 247 0.62 1
191 502 0.3 0.27
191 445 0.5 0.54
191 205 0.98 0.67
191 287 0.14 0.81
191 223 0.23 0.11
191 322 0.65 0.73
192 362 1 0.02
192 327 0.65 0.59
192 360 0.26 0.42
192 591 0.77 0.54
192 221 0.28 0.92
192 214 0.54 0.23
192 593 0.17 0.99
192 400 0.6 0.1
192 195 0.78 0.13
192 774 0.93 0.73
192 517 0.92 0.46
192 599 0.55 0.46
192 600 0.75 0.76
192 598 0.94 0.64
192 211 0.21 0.69
192 445 0.02 0.9
192 218 0.36 0.92
192 203 0.22 0.46
193 704 1 0.82
193 195 0.15 0.68
193 209 0.39 0.97
193 292 0.04 0.86
193 262 0.33 0.84
193 648 0.24 0.9
193 324 0.14 0.56
193 438 0.01 0.45
193 360 0.67 0.77
193 389 0.14 0.02
193 316 0.88 0.17
193 203 0.61 0.57
193 399 0.34 0.17
193 776 0.33 0.34
194 693 0.34 0.72
194 777 0.38 0.46
194 254 0.84 0.52
194 674 0.52 0.17
194 488 0.93 0.87
194 670 0.49 0.86
195 268 0.88 0.23
195 332 0.67 0.08
195 236 1 0.38
195 677 0.61 0.28
195 598 0.48 0.34
195 219 0.19 0.32
195 778 0.73 0.88
195 273 0.08 0.51
195 200 0.21 0.41
195 389 0.59 0.34
195 196 0.18 0.14
195 203 0.71 0.96
195 779 0.37 0.82
195 262 0.96 0.96
195 316 0.42 0.22
195 472 0.01 0.13
195 288 0.86 0.95
195 471 0.86 0.47
195 211 0.66 0.09
195 326 0.9 0.34
195 206 0.66 0.95
195 690 0.4 0.72
195 776 0.58 0.75
195 438 0.09 0.64
195 213 0.43 0.6
195 780 0.89 0.04
195 445 0.21 0.18
195 360 0.45 0.67
195 209 0.77 0.86
195 363 0.1 0.49
195 694 0.93 0.46
195 217 0.6 0.96
196 203 0.15 0.83
196 326 0.76 0.61
196 781 0.57 0.98
196 219 0.69 0.59
196 389 0.85 0.06
196 288 0.24 0.07
196 779 0.12 0.63
196 211 0.33 0.03
197 774 0.04 0.48
197 511 0.49 0.87
197 221 0.21 0.4
197 204 0.61 0.95
197 214 0.97 0.88
197 628 0.71 1
197 326 0.9 0.66
197 206 0.52 0.82
197 400 0.59 0.62
197 583 0.96 1
197 646 0.15 0.44
197 440 0.56 0.26
197 211 0.24 0.52
197 593 0.17 0.05
197 203 0.13 0.07
197 694 0.58 0.17
197 205 0.91 0.82
197 782 0.49 0.59
197 779 0.79 0.43
197 697 0.13 0.75
197 218 0.02 0.85
197 641 0.12 0.4
198 783 0.18 0.55
198 784 0.24 0.31
198 288 0.02 0.74
198 686 0.11 0.93
198 724 0.38 0.48
198 285 0.02 0.55
198 362 0.89 0.95
198 785 0.58 0.84
198 214 0.75 0.13
198 220 0.01 0.59
198 779 0.02 0.61
198 215 0.46 0.8
198 648 0.14 0.94
198 217 0.44 0.06
199 218 0.74 0.95
199 640 0.38 0.3
199 644 0.31 0.42
199 595 0.08 0.18
199 645 0.7 0.13
199 641 0.42 0.9
199 786 0.13 0.8
199 642 0.49 0.71
199 270 0.84 0.9
199 646 0.77 0.31
199 544 0.73 0.95
199 469 0.38 0.23
199 332 0.1 0.95
199 691 0.4 0.39
199 787 0.86 0.23
199 616 0.38 0.72
199 283 0.87 0.8
199 258 0.39 0.21
199 204 0.9 0.22
200 257 0.7 0.9
200 334 0.15 1
200 232 0.84 0.86
200 649 0.26 0.38
200 201 0.54 0.29
200 205 0.99 0.01
200 360 0.63 0.43
200 437 0.04 0.46
200 290 0.23 0.89
200 273 0.55 0.93
200 292 0.2 0.43
200 217 0.57 1
200 324 0.24 0.22
200 473 0.63 0.91
200 335 0.45 0.16
201 257 0.03 0.02
201 334 0.63 0.74
201 250 0.85 0.39
201 398 0.97 0.74
201 347 0.6 0.83
201 585 0.09 0.28
201 213 0.64 0.76
201 320 0.61 0.3
201 473 0.24 0.78
202 290 0.91 0.65
202 502 0.93 0.21
202 370 0.76 0.67
202 415 0.22 0.36
202 572 0.7 0.47
202 331 0.1 0.16
202 262 0.29 0.89
202 788 0.45 0.96
202 205 0.79 0.71
202 322 0.79 0.75
203 232 0.98 0.48
203 271 0.39 0.39
203 334 0.41 0.15
203 377 0.5 0.01
203 389 0.86 0.79
203 216 0.93 0.36
203 789 0.61 0.61
203 292 0.45 0.16
203 204 0.11 0.38
203 360 0.3 0.03
203 250 0.47 0.66
203 210 0.09 0.83
203 209 0.5 0.6
203 437 0.92 0.21
203 208 0.31 0.68
203 273 0.94 0.81
203 206 0.56 0.55
203 593 0.82 0.74
203 790 0.61 0.13
203 215 0.75 0.24
203 262 0.95 0.64
203 212 0.51 0.26
203 290 0.2 0.43
203 217 0.74 0.6
203 445 0.52 0.88
203 502 0.45 0.86
203 213 0.79 1
203 327 0.82 0.18
203 471 0.2 0.87
204 400 0.04 0.94
204 445 0.48 0.75
204 216 0.12 0.03
204 211 0.79 0.48
204 218 0.55 0.94
204 207 0.9 0.05
204 593 0.36 0.57
204 647 0.18 0.64
204 791 0.93 0.77
204 221 0.43 0.53
204 210 0.82 0.27
204 335 0.23 0.97
204 782 0.17 0.81
204 389 0.24 0.49
204 215 0.78 0.88
204 206 0.53 0.01
204 288 0.9 0.88
204 290 0.05 0.13
204 209 0.59 0.25
204 697 0.53 0.34
204 273 0.84 0.2
204 214 0.67 0.76
205 694 0.4 0.96
205 213 0.94 0.98
205 262 0.75 0.52
205 209 0.18 0.48
205 321 0.11 0.12
205 214 0.64 0.6
205 221 0.93 0.39
205 445 0.71 0.04
205 438 0.44 0.36
205 326 0.49 0.19
205 399 0.9 0.37
205 212 0.04 0.7
205 360 0.64 0.39
206 212 0.75 0.92
206 389 0.2 0.05
206 472 0.38 0.73
206 211 0.76 0.25
206 363 0.05 0.8
206 628 0.61 1
206 215 0.39 0.99
206 697 0.71 0.97
206 326 0.25 0.93
207 467 0.1 0.06
207 791 0.96 0.58
207 218 0.86 0.39
207 211 0.48 0.05
207 445 0.4 0.08
207 273 0.73 0.07
207 647 0.01 0.76
207 342 0.46 0.36
207 595 0.12 0.7
208 403 0.28 0.22
208 214 0.16 0.93
208 595 0.2 0.47
208 217 0.48 0.88
209 403 0.07 0.65
209 671 0.57 0.99
209 675 0.45 0.89
209 424 0.41 0.62
209 232 0.76 0.06
209 273 0.96 0.61
209 438 0.2 0.54
209 445 0.49 0.22
209 321 0.02 0.39
209 360 0.96 0.04
209 399 0.45 0.07
209 213 0.8 0.15
209 697 0.08 0.25
209 641 0.41 0.42
210 577 0.37 0.32
210 211 0.48 0.72
210 218 0.9 0.49
210 400 0.02 0.06
210 288 0.09 0.04
210 697 0.08 0.28
210 791 0.32 0.75
210 679 0.34 0.85
210 780 0.08 0.77
210 214 0.84 0.44
211 792 0.49 0.3
211 221 0.34 0.66
211 400 0.68 0.34
211 559 0.14 0.03
211 218 0.51 0.8
211 214 0.66 0.94
211 212 0.04 0.33
211 697 0.41 0.77
211 440 0.37 0.42
211 793 0.66 0.2
211 327 0.25 0.16
211 791 0.83 0.24
211 215 0.73 0.72
211 471 0.02 0.86
211 794 0.12 0.25
211 326 0.62 0.65
212 365 0.99 0.7
212 676 0.56 0.73
212 285 0.24 0.74
212 792 0.17 0.37
212 471 0.94 0.29
212 436 0.4 0.9
212 283 0.38 0.94
212 363 0.99 0.74
212 795 0.24 0.15
212 796 0.74 0.93
212 306 0.66 0.71
212 473 0.19 0.31
213 687 0.21 0.48
213 691 0.25 0.47
213 242 0.42 0.19
213 428 0.15 0.3
213 292 0.28 0.57
213 360 0.55 0.73
213 437 0.26 0.45
213 262 0.99 0.9
213 502 1 0.69
213 649 0.8 0.08
213 273 0.73 0.57
214 591 0.74 0.63
214 288 0.14 0.28
214 218 0.65 0.21
214 215 0.52 0.08
214 362 0.3 0.21
214 220 0.9 0.83
214 779 0.09 0.28
214 641 0.9 0.08
214 785 0.06 0.96
214 221 0.17 0.44
214 400 0.54 0.44
214 697 0.52 0.82
214 217 0.26 0.74
214 517 0.19 0.07
214 593 0.51 0.03
215 779 0.13 0.04
215 598 0.05 0.47
215 218 0.79 0.38
215 288 0.92 0.07
215 389 0.01 0.39
215 438 0.24 0.91
215 220 0.95 0.76
215 641 0.21 0.21
215 785 0.66 0.72
215 217 0.5 1
215 695 0.99 0.92
215 797 0.93 0.77
216 544 0.18 0.31
216 774 0.31 0.24
216 242 0.82 0.12
216 500 0.51 0.87
216 220 0.48 0.79
216 292 0.43 0.68
216 793 0.94 0.61
217 798 0.38 0.4
217 577 0.44 0.77
217 362 0.35 0.2
217 779 0.49 0.59
217 598 0.24 0.37
217 273 0.15 0.81
217 628 0.65 0.62
217 334 0.4 0.68
217 531 0.65 0.36
217 438 0.69 0.87
217 639 0.34 0.71
218 400 0.68 0.74
218 724 0.72 0.13
218 697 0.33 0.92
218 694 0.98 0.49
218 471 0.56 0.97
218 591 0.93 0.83
218 649 0.54 0.86
218 791 0.53 0.17
218 799 0.52 0.54
218 221 0.79 0.15
218 594 0.17 0.36
218 695 0.64 0.4
218 691 0.41 0.56
218 800 0.72 0.55
218 288 0.32 0.63
218 789 0.15 0.32
219 389 0.99 0.79
219 801 0.14 0.62
220 554 0.4 0.91
220 598 0.92 0.46
220 785 0.09 0.56
220 362 0.24 0.55
220 779 0.67 0.15
220 288 0.26 0.12
220 646 0.3 0.15
221 591 0.75 0.58
221 741 0.03 0.82
221 802 0.53 0.1
221 803 0.89 0.86
221 593 0.6 0.74
222 548 0.23 0.11
222 677 0.19 0.61
222 494 0.81 0.34
222 804 0.53 0.45
223 494 0.87 0.2
223 805 0.55 0.08
223 354 0.77 0.51
223 673 0.72 0.12
223 674 0.31 0.2
224 805 0.42 0.57
225 527 0.25 0.64
226 806 0.43 0.11
226 531 0.49 0.58
226 323 0.89 0.33
226 409 0.18 0.21
226 577 0.98 0.95
226 517 0.44 0.67
226 377 0.84 0.07
226 367 0.58 0.71
227 807 0.83 0.44
227 398 0.86 0.27
227 240 0.97 0.76
227 403 0.39 0.98
227 339 0.65 0.04
227 270 0.1 0.25
227 313 0.16 0.56
228 453 0.47 0.98
229 297 0.83 0.54
229 442 0.86 0.49
229 774 0.11 0.8
229 808 0.21 0.83
229 238 0.06 0.76
229 612 0.59 0.63
229 239 0.92 0.96
229 232 0.58 0.37
230 239 0.85 0.32
230 242 0.36 0.51
230 253 0.59 0.57
230 809 0.83 0.68
230 345 0.46 0.74
230 333 0.56 0.19
232 237 0.35 0.18
232 443 0.42 0.59
232 281 0.39 0.54
232 691 0.29 0.03
232 242 0.58 0.05
232 253 0.18 0.2
232 810 0.22 0.93
232 305 0.52 0.23
232 811 0.35 0.13
232 238 0.02 0.61
232 812 0.41 0.75
232 304 0.41 0.67
232 813 0.81 0.8
232 533 1 0.7
232 814 0.8 0.21
232 632 0.35 0.23
232 659 0.92 0.88
232 589 0.46 0.98
232 438 0.28 0.76
232 815 0.93 0.19
232 377 0.41 0.88
232 584 0.63 0.47
232 710 0.39 0.83
232 239 0.66 0.96
232 606 0.15 0.82
232 234 0.1 0.95
232 254 0.02 0.65
233 816 0.69 0.75
233 375 0.9 0.27
234 540 0.79 0.61
234 661 0.54 0.05
234 304 0.45 0.25
234 567 0.95 0.8
234 414 0.59 0.37
234 451 0.41 0.92
234 457 0.75 0.04
234 455 0.8 0.83
234 817 0.61 0.07
234 256 0.25 0.61
236 818 0.98 0.04
236 339 0.46 0.68
236 315 0.19 0.93
236 704 0.46 0.66
236 304 0.71 0.11
236 584 0.72 0.98
236 630 0.65 0.6
236 632 0.47 0.78
236 819 0.79 0.85
236 701 0.64 0.6
236 268 0.73 0.37
236 706 0.14 0.9
236 623 0.05 0.36
236 443 0.28 0.13
236 820 0.09 0.54
236 463 0.64 0.76
236 821 0.96 0.14
236 531 0.21 0.1
236 502 0.22 0.29
236 354 0.8 0.53
237 708 0.77 0.35
237 563 0.8 0.69
237 452 0.18 0.71
237 822 0.22 0.37
237 427 0.25 0.31
237 823 0.12 0.94
237 512 0.66 0.16
237 459 0.75 0.13
237 486 0.91 0.78
237 446 0.36 0.85
238 589 0.7 0.29
238 503 0.94 0.59
238 242 0.26 0.78
238 433 0.43 0.13
238 305 0.49 0.14
238 811 0.96 0.32
238 824 0.84 0.72
238 812 0.44 0.25
238 329 0.49 0.23
238 590 0.77 0.59
239 442 0.16 0.2
239 825 0.54 0.63
239 775 0.75 0.21
239 443 0.04 0.98
239 439 0.01 0.67
239 404 0.21 0.74
239 247 0.54 0.92
239 305 0.48 1
240 339 0.71 0.72
240 483 0.59 0.09
240 465 0.07 0.86
240 242 0.91 0.72
240 366 0.21 0.79
240 455 0.81 0.67
240 414 0.83 0.92
240 315 0.08 0.61
240 826 0.17 0.8
240 451 0.19 0.28
240 474 0.37 0.3
240 268 0.29 0.78
240 587 0.87 0.72
240 584 0.15 0.21
240 391 0.21 0.43
241 827 0.56 0.45
241 417 0.05 0.97
241 577 0.02 0.71
242 395 0.56 0.71
242 430 0.59 0.3
242 828 0.77 0.97
242 829 0.12 0.42
242 302 0.3 0.38
242 825 0.17 0.78
242 331 0.72 0.57
242 590 0.79 0.87
242 830 0.01 0.14
242 632 0.33 0.85
242 372 0.54 0.14
242 587 0.44 0.7
242 451 0.84 0.49
242 503 0.83 0.39
243 377 0.47 0.59
243 831 0.09 0.35
243 469 0.05 0.91
243 500 0.11 0.25
244 353 0.22 0.05
244 334 0.63 0.93
244 245 0.08 0.71
244 249 0.69 0.02
244 247 0.07 0.82
245 361 0.35 0.21
245 398 0.47 1
245 584 0.39 0.55
245 249 0.8 0.9
247 330 0.23 0.2
247 774 0.19 0.8
247 378 0.81 0.81
247 391 0.52 0.83
247 442 0.44 0.43
247 832 0.09 1
247 808 0.08 0.53
247 833 0.6 0.26
247 511 0.58 0.99
247 554 0.48 0.24
248 305 0.85 0.53
249 366 0.76 0.18
249 686 0.93 0.59
249 251 0.93 0.54
249 428 0.97 0.55
249 701 0.13 0.98
249 283 0.95 0.57
250 332 0.45 0.66
250 419 0.02 0.33
250 257 0.56 0.79
250 330 0.29 0.25
250 436 0.62 0.68
250 334 0.97 0.09
250 834 0.34 0.68
251 320 0.14 0.37
251 710 0.42 0.81
251 305 0.45 0.38
251 432 0.31 0.12
253 676 0.85 0.54
253 809 0.35 0.43
253 584 0.46 0.03
253 333 0.91 0.71
253 337 0.58 0.75
253 345 0.44 0.56
253 258 0.1 0.9
253 268 0.63 0.7
254 332 0.54 0.18
254 835 0.41 0.23
254 366 0.38 0.26
254 836 0.31 0.16
254 837 0.09 0.25
254 488 0.01 0.64
254 838 0.38 0.77
254 693 0.3 0.69
254 276 0.18 0.19
254 354 0.69 0.75
254 286 0.55 0.29
255 268 0.62 0.42
255 613 0.96 0.42
255 571 0.81 0.14
255 611 0.95 0.33
255 715 0.89 0.45
255 498 0.38 0.79
255 658 0.35 0.58
255 768 0.46 0.01
255 839 0.07 0.49
255 840 0.79 0.61
255 841 0.49 0.75
256 457 0.3 0.62
256 353 0.55 0.05
256 315 0.31 0.16
256 659 0.09 0.62
256 842 0.42 0.07
256 567 0.59 0.99
256 843 0.58 1
256 368 0.28 0.75
256 422 0.86 0.11
257 347 0.4 0.82
258 671 0.95 0.25
258 665 0.53 0.39
258 332 0.45 0.59
258 419 0.85 0.96
258 471 0.22 0.31
258 292 0.47 0.12
258 304 0.72 0.77
259 417 0.86 0.21
259 717 0.77 0.85
259 844 0.98 0.25
259 845 0.67 0.32
259 754 0.65 0.64
259 457 0.73 0.14
261 376 0.46 0.18
261 367 0.08 0.66
262 438 0.43 0.13
262 287 0.86 0.63
262 502 0.07 0.42
262 445 0.08 0.12
263 846 0.39 0.29
263 847 0.45 0.47
263 446 0.95 0.26
263 848 0.59 0.83
263 563 0.46 0.17
264 306 0.63 0.75
264 271 0.95 0.17
264 849 0.99 0.35
264 283 0.85 0.97
265 597 0.46 0.64
265 375 0.03 0.61
266 850 0.87 0.69
266 556 0.95 0.91
266 709 0.4 0.93
266 851 0.87 0.58
266 572 0.33 0.48
266 555 0.9 0.28
266 299 0.01 1
266 502 0.02 0.88
266 718 0.25 0.38
266 340 0.38 0.78
267 424 0.89 0.54
267 315 0.17 0.62
267 367 0.08 0.88
267 658 0.94 0.78
267 656 0.77 0.12
267 368 0.27 0.49
267 766 0.05 0.52
267 451 0.08 0.53
267 364 0.97 0.36
267 353 0.12 0.52
267 357 0.84 0.66
267 662 0.05 0.08
267 394 0.73 0.51
267 361 0.49 0.95
267 852 0.7 0.61
267 414 0.58 0.03
267 567 0.99 0.59
267 339 0.66 0.6
268 710 0.61 0.58
268 701 0.21 0.37
268 853 0.71 0.53
268 854 0.19 0.97
268 613 0.11 0.9
268 700 0.31 0.76
268 587 0.77 0.37
269 584 0.46 0.74
269 814 0.84 0.15
269 350 0.29 0.72
269 855 0.15 0.04
269 619 0.14 0.05
269 856 0.03 0.51
269 828 0.06 0.8
269 398 0.64 1
269 377 0.13 0.25
269 815 0.3 0.29
269 631 0.68 0.55
269 857 0.75 0.94
270 858 0.35 0.33
270 859 1 0.6
270 860 0.68 0.7
270 391 0.78 1
270 332 0.14 0.37
270 749 0.24 0.28
270 403 0.49 0.12
270 433 0.31 0.12
270 355 0.8 0.04
270 354 0.23 0.7
270 371 0.48 0.54
270 313 0.05 0.65
270 397 0.77 0.68
270 835 0.11 0.84
272 500 0.24 0.7
272 861 0.24 0.1
272 688 1 0.81
272 354 0.22 0.47
273 469 0.26 0.2
273 593 0.09 0.61
273 445 0.21 0.96
273 694 0.24 0.84
273 436 0.19 0.3
273 389 0.42 0.14
273 592 0.74 0.25
273 326 0.79 0.61
273 862 0.01 0.11
273 438 0.12 0.1
273 381 0.14 0.3
274 414 0.24 0.84
274 863 0.23 0.35
274 450 0.44 0.79
274 377 0.88 0.84
274 278 0.89 0.26
274 457 0.77 0.92
274 352 0.91 0.27
275 755 0.93 0.08
275 858 0.82 0.62
275 387 0.07 0.85
275 864 0.23 0.08
275 412 0.99 0.03
275 590 0.46 0.64
275 392 0.48 0.58
275 457 0.72 0.77
275 298 0.16 0.06
275 865 0.87 0.67
275 332 0.59 0.4
275 413 0.55 0.36
276 693 0.94 0.93
276 322 0.07 0.5
276 866 0.2 0.25
277 846 0.92 0.49
277 823 0.25 0.28
277 867 0.57 0.01
277 553 0.67 0.53
277 563 0.61 0.64
277 868 0.85 0.55
277 869 0.99 0.76
277 870 0.26 0.51
277 847 0.92 0.96
278 871 0.06 0.42
278 567 0.22 0.91
278 414 0.76 0.34
278 653 0.73 0.72
278 597 0.47 0.51
278 416 0.7 0.14
278 371 0.28 0.33
278 450 0.77 0.5
279 371 0.22 0.76
279 391 0.14 0.11
279 531 0.87 0.65
279 670 0.84 0.19
279 693 0.69 0.89
280 338 0.48 0.38
281 484 0.6 0.51
281 509 0.58 0.7
281 429 0.83 0.48
281 425 0.28 0.33
281 426 0.7 0.59
281 443 0.75 0.96
282 494 0.31 0.66
282 354 0.2 0.25
283 728 0.4 0.55
283 590 0.77 0.89
283 685 0.6 0.07
283 724 0.28 0.87
283 433 0.64 0.97
283 541 0.73 0.58
283 392 0.42 0.23
283 542 0.25 0.75
283 428 0.13 0.92
283 328 0.8 0.21
283 419 0.43 0.33
284 539 0.34 0.61
284 484 0.04 0.75
284 505 0.63 0.12
284 499 0.1 0.32
284 507 0.53 0.61
285 288 0.9 0.99
286 872 0.13 0.65
286 564 0.21 0.88
286 345 0.05 0.49
286 873 0.99 0.56
286 294 0.67 0.56
286 874 0.16 0.14
286 366 0.75 0.13
286 875 0.94 0.61
286 876 0.4 0.11
286 877 0.7 0.79
286 878 0.2 0.97
286 488 0.61 0.57
286 838 0.84 0.33
288 583 0.89 0.27
288 400 0.37 0.86
288 779 0.88 0.23
288 780 0.05 0.54
288 785 0.66 0.62
288 326 0.8 0.39
289 670 0.39 0.68
289 354 0.47 0.02
289 692 0.67 0.52
289 879 0.01 0.2
289 836 0.15 0.57
289 693 0.76 0.41
289 837 0.01 0.43
289 494 0.69 0.47
289 667 0.86 0.4
290 445 0.37 0.23
290 591 0.25 0.75
290 335 0.86 0.99
290 321 0.4 0.14
290 724 0.29 0.59
290 546 0.31 0.43
292 413 0.77 0.4
292 782 0.15 0.03
294 494 0.45 0.09
294 874 0.25 0.19
295 307 0.35 0.97
295 880 0.19 0.66
296 881 0.45 1
296 698 0.39 0.37
296 440 0.93 0.09
296 583 0.94 0.66
296 876 0.36 0.25
297 428 0.5 0.88
297 589 0.49 0.53
297 442 0.54 0.38
297 882 0.46 0.77
297 883 0.47 0.17
298 755 0.53 0.19
298 725 0.58 0.7
298 430 0.97 0.15
298 541 0.99 0.89
298 397 0.87 0.66
298 729 0.31 0.8
298 331 0.36 0.75
298 392 0.47 0.27
298 395 0.04 0.97
298 589 0.89 0.87
298 551 0.36 0.91
298 884 0.33 0.08
298 885 0.81 0.71
298 409 0.3 0.22
298 787 0.47 0.11
298 433 0.89 0.8
298 570 0.2 0.2
298 886 0.77 0.15
298 887 0.35 0.98
298 388 0.05 0.8
298 883 0.13 0.36
298 728 0.42 0.29
298 724 0.26 0.7
298 315 0.37 0.86
298 428 0.35 0.66
298 385 0.18 0.86
298 408 0.32 0.2
298 332 0.14 0.73
298 503 0.87 0.42
299 572 0.33 0.11
299 391 0.11 0.32
299 544 0.05 0.06
299 370 0.57 0.5
299 687 0.99 0.28
299 413 0.1 0.34
300 481 0.18 0.22
300 848 0.38 0.95
300 846 0.37 0.09
300 330 0.36 0.36
301 810 0.65 0.97
302 379 0.73 0.08
302 340 0.67 0.68
302 467 0.32 0.85
302 381 0.18 0.73
302 888 0.49 1
302 383 0.88 0.85
302 384 0.54 0.96
302 386 0.15 0.19
302 889 1 0.43
302 890 0.33 0.06
302 321 0.97 0.29
302 891 0.53 0.47
302 892 0.01 0.43
302 392 0.45 0.03
302 893 0.16 0.7
302 894 0.98 0.49
302 382 0.88 0.47
302 380 0.92 0.46
302 385 0.08 0.42
302 895 0.44 0.13
302 438 0.48 0.67
303 896 0.92 0.16
303 328 0.6 0.43
304 307 0.45 0.06
304 675 0.68 0.01
304 329 0.14 0.08
304 728 0.88 0.49
304 392 0.72 0.84
304 519 0.68 0.48
304 306 0.81 0.66
304 437 0.12 0.72
305 310 0.12 0.18
305 686 0.11 0.38
305 897 0.59 0.4
305 898 0.05 0.5
305 899 0.62 0.86
305 748 0.5 0.74
306 900 0.42 0.61
306 437 0.02 0.61
306 434 0.28 0.07
307 760 0.53 0.54
307 338 0.38 0.15
307 657 0.52 0.92
307 377 0.64 0.2
307 455 0.13 0.03
307 843 0.64 0.84
307 816 0.56 0.32
307 357 0.51 0.48
307 533 0.51 0.46
307 457 0.93 0.68
307 424 0.01 0.72
307 540 0.53 0.93
307 880 0.21 0.3
307 550 0.72 0.49
307 451 0.91 0.67
308 412 0.56 0.83
308 478 0.35 0.11
309 901 0.88 0.12
309 310 0.28 0.59
309 902 0.51 0.4
309 311 0.96 0.8
310 311 0.35 0.46
310 328 0.99 0.09
310 313 0.68 0.63
310 898 0.39 0.12
311 903 0.04 0.33
311 904 0.24 0.25
311 905 0.89 0.45
311 554 0.38 0.16
311 906 0.75 0.18
311 859 0.76 0.56
311 907 0.05 0.84
311 328 0.65 0.38
312 794 0.88 0.18
312 314 0.17 0.06
312 403 0.02 0.61
312 396 0.3 0.53
312 711 0.21 0.43
312 908 0.09 0.77
312 909 0.25 0.09
312 456 0.55 0.37
312 910 0.88 0.72
312 349 0.37 0.08
312 710 0.8 0.45
312 377 0.37 0.34
312 764 0.42 0.94
312 717 0.29 0.57
313 457 0.16 0.35
313 901 0.28 0.73
313 911 0.73 0.66
313 526 0.27 0.4
313 522 0.27 0.74
313 465 0.04 0.26
313 557 0.18 0.55
313 437 0.42 0.33
314 794 0.61 0.53
314 456 0.49 0.13
314 610 0.39 0.52
314 347 0.42 0.03
314 395 0.6 0.22
314 711 0.75 0.06
314 467 0.06 0.39
315 367 0.86 0.99
315 338 0.06 0.11
315 353 0.98 0.58
315 912 0.4 0.84
315 348 0.48 0.67
315 826 0.87 0.38
315 414 0.85 0.11
315 494 0.97 0.31
315 531 0.74 0.6
315 913 0.75 0.24
315 514 0.9 0.86
315 377 0.87 0.49
315 561 0.19 0.92
315 408 0.94 0.26
315 357 0.97 0.69
315 706 0.8 0.56
315 661 0.93 0.35
316 598 0.09 0.32
316 779 0.92 0.42
316 321 0.55 0.93
316 320 0.1 0.88
318 914 0.49 0.12
319 696 0.66 0.21
319 322 0.71 0.12
319 325 0.51 0.35
319 516 0.88 0.41
319 320 0.87 0.89
320 915 0.11 0.77
320 691 0.46 0.26
320 428 0.35 0.09
320 362 0.24 0.22
320 696 0.19 0.62
320 323 0.41 0.78
320 321 0.8 0.44
320 441 0.9 0.41
320 322 0.59 0.98
320 324 0.82 0.63
320 434 0.03 0.08
321 567 0.44 0.86
321 441 0.33 0.56
321 916 0.28 0.49
321 399 0.23 0.53
321 445 0.44 0.99
321 437 0.53 0.07
321 914 0.07 0.22
321 389 0.2 0.63
321 324 0.04 0.8
321 438 0.73 0.31
321 335 0.59 0.23
322 696 0.85 0.29
322 639 0.09 0.5
322 325 0.07 0.81
323 371 0.4 0.8
323 665 0.94 0.15
323 324 0.06 0.23
324 327 0.47 0.96
324 362 0.95 0.01
325 917 0.5 0.68
325 628 0.3 0.82
325 680 0.2 0.02
326 591 0.51 0.21
326 577 0.61 0.55
326 583 0.53 0.95
326 389 0.63 0.85
326 628 0.24 0.52
326 400 0.7 0.12
326 594 0.43 0.46
326 779 0.9 0.43
327 362 0.53 0.63
328 332 0.08 0.07
328 580 0.09 0.56
328 672 0.52 0.37
328 419 0.1 0.28
328 414 0.13 0.32
328 432 0.25 0.71
328 330 0.02 0.52
328 542 0.43 0.94
328 334 0.14 0.3
328 354 0.63 0.07
328 541 0.64 0.21
328 383 0.66 0.99
328 331 0.81 0.49
329 374 0.19 0.37
329 880 0.77 0.22
329 377 0.2 0.29
329 584 0.55 0.46
329 918 0.9 0.31
329 710 0.12 0.56
330 332 0.14 0.85
330 419 0.44 0.88
330 338 0.55 0.46
330 563 0.51 0.83
330 335 0.89 0.54
330 432 0.74 0.01
330 422 0.92 0.46
330 542 0.88 0.44
330 774 0.93 0.71
330 383 0.37 0.58
330 826 0.55 0.62
331 411 0.01 0.64
331 430 0.42 0.86
331 392 0.34 0.81
331 590 0.39 0.78
331 406 0.33 0.55
331 503 0.1 0.09
331 382 0.76 0.03
331 729 0.83 0.2
331 385 0.94 0.75
331 395 0.46 0.39
331 723 0.61 0.96
331 388 0.72 0.35
331 919 0.78 0.06
331 433 0.7 0.36
331 542 0.03 0.37
331 904 0.27 0.3
331 380 0.28 0.35
331 894 0.25 0.69
331 892 0.94 0.58
332 335 0.14 0.02
332 531 0.4 0.94
332 542 0.63 0.79
332 544 0.34 0.78
332 419 0.06 0.29
332 371 0.61 0.46
332 657 0.43 0.06
332 573 0.48 0.23
332 860 0.14 0.99
332 920 0.1 0.62
332 433 0.84 0.97
332 389 0.29 0.14
332 557 0.3 0.24
332 869 0.51 0.96
332 640 0.24 0.74
332 334 0.46 0.02
332 921 0.51 0.82
332 336 0.02 0.07
332 363 0.44 0.97
332 469 0.27 0.13
332 563 0.78 0.66
332 380 0.87 0.74
332 512 0.78 0.82
332 383 0.92 0.08
332 465 0.13 0.3
332 742 0.02 0.44
332 456 0.75 0.49
332 409 0.72 0.11
332 488 0.76 0.36
333 922 0.33 0.14
333 353 0.16 0.98
333 367 0.41 0.22
333 809 0.4 0.31
333 611 0.96 0.62
333 923 0.64 0.71
333 607 0.69 0.63
333 456 0.26 0.19
333 375 0.04 0.32
333 924 0.73 0.09
333 633 0.91 0.83
334 542 0.71 0.95
334 419 0.34 0.87
334 649 0.91 0.04
334 531 0.21 0.77
334 925 0.1 0.56
335 907 0.51 0.16
335 619 0.07 0.78
335 468 0.43 0.75
336 926 0.08 0.9
336 382 0.33 0.99
336 432 0.97 0.04
336 408 0.58 0.54
336 355 0.07 0.62
336 467 0.85 0.76
336 777 0.15 0.5
336 502 0.94 0.28
337 353 0.66 0.63
337 602 0.4 0.66
337 637 0.59 0.47
337 586 0.82 0.66
337 660 0.31 0.05
337 428 0.09 0.91
338 927 0.62 0.46
338 553 0.66 0.07
338 339 0.54 0.23
338 353 0.74 0.29
338 760 0.15 0.91
338 928 0.56 0.5
338 929 0.97 0.03
338 343 0.44 0.76
338 564 0.73 0.51
338 930 0.6 0.55
338 544 0.59 0.91
338 931 0.32 0.26
338 367 0.26 0.2
338 483 0.05 0.53
338 575 0.33 0.48
338 932 0.53 0.69
339 933 0.43 0.95
339 353 0.9 0.48
339 657 0.13 0.91
339 934 0.82 0.23
339 361 0.25 0.16
339 364 0.41 0.82
339 845 0.8 0.21
339 760 0.28 0.69
340 383 0.16 0.08
340 935 0.67 0.91
340 888 0.91 0.38
340 895 0.6 0.36
340 890 0.69 0.48
340 891 0.07 0.94
340 735 0.89 0.37
340 384 0.88 0.86
340 392 0.02 0.06
340 936 0.38 0.45
340 415 0.28 0.33
340 356 0.88 0.99
340 572 0.32 0.11
340 907 0.54 0.91
340 379 0.15 0.09
340 889 0.86 0.48
340 570 0.79 0.87
340 937 0.99 0.82
340 363 0.3 0.55
340 577 0.87 0.95
340 381 0.89 0.02
340 883 0.19 0.44
340 412 0.5 0.42
340 511 0.45 0.59
340 388 1 0.6
340 370 0.81 0.8
341 880 0.51 0.17
342 445 0.72 0.87
342 399 0.16 0.33
342 697 0.35 0.52
343 676 0.4 0.64
343 488 0.62 0.06
343 567 0.8 0.42
343 659 0.37 0.37
343 540 0.1 0.44
343 938 0.43 0.26
343 563 0.3 0.59
343 465 0.73 0.96
343 414 0.91 0.55
343 548 0.75 0.88
344 349 0.03 0.85
345 417 0.68 0.6
345 398 0.16 0.93
345 550 0.92 0.7
345 367 0.52 0.68
345 374 0.65 0.27
346 589 0.83 0.24
346 939 0.98 0.51
346 940 0.34 0.86
346 941 0.52 0.28
346 355 0.27 0.35
346 942 0.66 0.51
346 742 0.01 0.67
346 943 0.81 0.64
346 745 0.49 0.9
346 944 0.61 0.18
346 945 0.34 0.01
346 747 0.44 0.38
347 444 0.61 0.48
347 610 0.66 0.49
347 584 0.35 0.19
348 946 0.88 0.48
348 522 0.09 0.85
348 361 0.89 0.17
349 947 0.67 0.78
349 710 0.3 0.73
349 948 0.11 0.65
349 365 0.84 0.15
350 631 0.83 0.98
350 726 0.74 0.96
350 704 0.01 0.79
350 367 0.14 0.44
350 686 0.03 0.4
350 828 0.45 0.95
350 553 0.91 0.56
350 869 0.32 0.02
350 843 0.2 0.61
351 659 0.3 0.78
351 587 0.57 0.1
351 949 0.21 0.42
351 466 0.25 0.06
351 561 0.6 0.8
351 454 0.45 0.62
351 768 0.63 0.37
351 655 0.3 0.75
351 950 0.65 0.92
351 653 0.15 0.55
351 951 0.59 0.88
351 952 0.3 0.06
352 537 0.59 0.79
352 567 0.39 0.88
352 500 0.94 0.23
352 953 0.45 0.76
352 577 0.87 0.98
352 391 1 0.84
352 840 0.25 0.29
353 355 0.56 0.23
353 414 0.5 0.74
353 367 0.63 0.42
353 929 0.29 0.21
353 398 0.17 0.58
353 572 0.05 0.67
353 858 0.04 0.2
353 766 0.4 0.21
353 370 0.3 0.58
353 504 0.59 0.15
353 364 0.88 0.62
353 719 0.65 0.34
353 357 0.94 0.93
353 954 0.91 0.62
354 356 0.23 0.43
354 355 0.82 0.82
354 955 0.56 0.62
354 665 0.49 0.86
354 956 0.03 0.36
354 957 0.56 0.46
354 500 0.08 0.48
354 391 0.08 0.81
354 467 0.33 0.34
354 401 0.69 0.2
354 488 0.08 1
354 494 0.86 0.99
354 693 0.13 0.96
354 692 0.42 0.39
354 366 0.9 0.98
354 415 0.59 0.45
354 531 0.18 0.71
354 690 0.76 0.76
354 958 0.59 0.58
354 837 0.1 0.22
354 667 0.74 0.63
354 670 0.3 0.22
354 873 0.55 0.6
355 590 0.29 0.24
355 542 0.42 0.76
355 406 0.11 0.49
355 724 0.36 0.49
355 388 0.37 0.81
355 589 0.27 0.03
355 944 0.81 0.8
355 723 0.52 0.84
355 743 0.63 0.23
355 398 0.88 0.7
355 585 0.5 0.57
355 945 0.21 0.51
355 959 0.51 0.47
355 746 0.68 0.11
355 960 0.32 0.81
355 744 0.31 0.78
355 467 0.1 0.9
355 391 0.29 0.89
355 409 0.7 0.3
355 904 0.41 0.54
355 469 0.67 0.67
355 749 0.41 0.62
355 551 0.07 0.67
355 413 0.8 0.61
356 888 0.37 0.51
356 382 0.18 0.61
356 415 0.33 0.61
356 890 0.9 0.91
356 895 0.61 0.02
357 451 0.15 0.18
357 368 0.06 0.2
357 920 0.06 0.48
357 377 0.84 0.14
357 749 0.45 0.33
357 514 0.91 0.96
357 768 0.24 0.73
357 706 0.03 0.15
357 961 0.24 0.95
357 424 0.88 0.14
357 547 0.46 0.2
358 520 0.92 0.7
358 710 0.87 0.18
358 764 0.21 0.07
359 471 0.47 0.35
359 360 0.04 0.81
360 795 0.2 0.56
360 399 0.58 0.92
360 435 0.78 0.44
361 465 0.34 0.35
361 962 0.28 0.71
361 522 0.78 0.04
361 431 0.71 0.2
361 543 0.09 0.87
362 785 0.77 0.79
362 440 0.31 0.17
363 471 0.54 0.14
364 766 0.35 0.38
364 953 0.32 0.83
364 368 0.11 0.56
364 961 0.55 0.07
366 687 0.79 0.53
366 686 0.42 0.3
366 671 0.4 0.61
366 766 0.82 0.5
366 467 0.42 0.32
366 469 0.69 0.44
366 674 0.8 0.85
366 963 0.77 0.64
366 494 0.13 0.4
366 964 0.08 0.39
366 531 0.04 0.46
366 837 0.9 0.98
366 488 1 0.32
366 965 0.04 0.24
366 692 0.88 0.5
366 878 0.32 0.48
367 368 0.18 0.69
367 961 0.98 0.85
367 391 0.7 0.18
367 863 0.77 0.05
367 659 0.26 0.62
367 371 0.03 0.57
367 952 0.21 0.68
367 414 0.43 0.78
367 928 0.04 0.59
368 953 1 0.63
368 451 0.75 0.14
368 578 0.1 0.73
369 394 0.67 0.66
369 871 0.69 0.52
369 608 0.38 0.3
369 416 0.27 0.15
370 415 0.44 0.91
370 502 0.91 0.51
370 735 0.42 0.4
371 537 0.86 0.35
371 377 0.52 0.72
371 466 0.11 0.14
371 729 0.6 0.68
372 703 0.98 0.64
372 428 0.03 0.33
374 390 0.22 0.72
375 453 0.68 0.71
375 611 0.68 0.94
375 416 0.69 0.54
375 607 0.68 0.94
375 966 0.49 0.85
375 633 0.38 0.11
375 967 0.61 0.66
375 609 0.02 0.97
375 733 0.17 0.84
375 968 0.91 0.36
375 396 0.35 0.09
375 969 0.72 0.36
375 420 0.55 0.2
375 629 0.91 0.33
375 402 0.93 0.81
375 970 0.12 0.12
375 605 0.91 0.83
375 456 0.25 0.88
375 871 0.82 0.04
375 428 0.74 0.97
375 377 0.74 0.71
376 971 0.93 0.62
376 584 0.07 0.07
376 444 0.72 0.4
376 428 0.48 0.74
376 881 0.88 0.74
376 972 0.41 0.66
377 752 0.78 0.78
377 453 0.83 0.96
377 660 0.88 0.41
377 390 0.8 0.89
377 584 0.31 0.8
377 647 0.52 0.68
377 412 0.49 0.89
377 587 0.97 0.4
377 973 0.21 0.55
377 389 0.99 0.87
377 974 0.57 0.7
377 712 0.19 0.04
377 388 0.77 0.63
377 466 0.32 0.35
377 749 0.62 1
377 661 0.38 0.87
378 832 0.18 0.58
378 808 0.7 0.8
378 658 0.63 0.66
379 384 1 0.61
379 783 0.49 0.98
379 380 0.13 0.99
379 381 0.05 0.73
379 975 0.9 0.39
379 386 0.4 0.62
380 392 0.57 0.73
380 503 0.42 0.14
380 383 0.18 0.41
380 386 0.86 0.58
380 382 0.7 0.28
380 381 0.61 0.66
380 384 0.22 0.59
380 889 0.91 0.55
380 590 0.74 0.79
380 729 0.68 0.5
380 385 0.56 0.3
380 783 0.19 0.42
380 412 0.54 0.87
380 551 0.87 0.12
380 891 0.08 0.58
381 386 0.67 0.82
381 783 0.65 0.09
381 935 0.09 0.63
381 383 0.04 0.82
381 384 0.89 0.16
381 382 0.74 0.8
381 385 0.53 0.27
381 976 0.98 0.7
381 889 0.91 0.62
381 577 0.78 0.07
381 592 0.83 0.21
382 383 0.99 0.88
382 385 0.3 0.58
382 386 0.74 0.83
382 503 0.87 0.69
382 883 0.05 0.37
383 891 0.61 0.98
383 384 0.37 0.11
383 385 0.37 0.53
383 392 0.55 0.78
383 937 0.77 0.89
383 386 0.89 0.94
383 783 0.94 0.23
383 408 0.45 0.92
383 895 0.92 0.23
383 542 0.59 0.57
383 406 0.37 0.5
383 795 0.69 0.08
383 577 0.36 0.83
383 890 0.8 0.35
384 889 0.09 0.87
384 725 0.18 0.51
384 385 0.78 0.16
384 783 0.96 0.67
384 392 0.57 0.32
384 386 0.15 0.9
384 895 0.45 0.09
385 729 0.28 0.92
385 503 0.72 0.39
385 386 0.5 0.38
386 937 0.47 0.83
386 590 0.03 0.63
387 403 0.39 0.97
387 858 0.91 0.52
387 889 0.1 0.96
387 957 0.66 0.38
387 832 0.46 0.05
387 590 0.46 0.86
387 395 0.14 0.05
388 725 0.1 0.01
388 433 0.96 0.71
388 409 0.86 0.09
388 808 0.73 1
388 883 0.24 0.1
388 412 0.61 0.69
388 632 0.69 0.18
388 787 0.05 0.97
388 430 0.01 0.6
388 728 0.87 0.03
388 395 0.43 0.39
388 723 0.88 0.08
388 977 0.47 0.77
388 884 0.34 0.8
388 541 0.21 0.03
388 885 0.54 0.37
388 755 0.14 0.95
388 551 0.39 0.91
388 570 0.85 0.79
388 886 0.74 0.2
388 887 0.95 0.85
389 724 0.81 0.9
389 801 0.59 0.02
389 445 0.19 0.16
389 785 0.74 0.99
389 583 0.23 0.72
389 780 0.43 0.52
390 751 0.3 0.14
390 656 0.25 0.2
390 457 0.41 0.33
390 417 0.89 0.73
390 978 0.67 0.47
390 834 0.27 0.66
390 839 0.45 0.25
391 979 0.42 0.49
391 537 0.46 0.03
391 901 0.84 0.05
391 952 0.51 0.57
391 845 0.53 0.41
392 503 0.2 0.74
392 891 0.86 0.07
392 729 0.21 0.54
392 894 0.18 0.95
392 892 0.99 0.39
392 980 0.38 0.04
392 919 0.23 0.53
392 893 0.69 0.52
392 975 0.06 0.52
392 981 0.93 0.52
392 982 0.1 0.99
392 438 0.93 0.3
392 442 0.79 0.99
394 660 0.19 0.5
394 752 0.77 0.67
394 751 0.72 0.69
394 766 0.6 0.87
394 983 0.8 0.9
394 845 0.1 0.82
395 744 0.42 0.39
395 943 0.37 0.65
395 411 0.99 0.25
395 742 0.12 0.67
395 433 0.23 0.83
395 755 0.74 0.07
395 503 0.52 0.09
395 551 0.12 0.71
395 409 0.72 0.31
395 984 0.28 0.43
395 985 0.89 0.36
395 957 0.99 0.38
395 889 0.8 0.74
395 570 0.91 0.89
395 723 0.47 0.37
395 465 0.18 0.71
395 942 0.02 0.88
395 746 0.66 0.86
395 541 0.47 0.26
395 747 0.13 0.04
395 891 0.41 0.9
396 456 0.18 0.79
396 420 0.08 0.22
396 467 0.52 0.52
397 975 0.63 0.4
397 755 0.51 0.87
397 941 0.6 0.28
397 957 0.11 0.22
398 839 0.61 0.88
398 959 0.25 0.3
398 571 0.03 0.27
398 700 0.14 0.25
399 573 0.79 0.2
399 580 0.3 0.27
400 986 0.13 0.04
400 698 0.02 0.19
400 583 0.14 0.83
400 435 0.38 0.66
400 697 0.55 0.83
400 801 0.24 0.09
400 440 0.94 0.57
400 797 0.32 0.05
401 987 0.37 0.86
401 656 0.82 0.27
401 433 0.49 0.72
401 904 0.03 0.35
401 988 0.26 0.75
402 577 0.33 0.38
402 696 0.61 0.15
402 544 0.66 0.57
402 967 0.61 0.6
402 467 0.46 0.87
403 572 0.52 0.32
403 433 0.47 0.88
403 676 0.21 0.11
403 989 0.3 0.51
404 428 0.22 0.39
405 730 0.11 0.75
405 406 0.83 0.26
405 407 0.26 0.83
406 407 0.63 0.42
406 410 0.72 0.68
406 990 0.26 0.94
406 409 0.33 0.84
406 774 0.54 0.78
406 551 0.38 0.42
406 729 0.01 0.77
406 991 0.9 0.19
407 903 0.33 0.7
407 730 0.88 0.99
407 408 0.64 1
407 907 0.79 0.44
407 645 0.78 0.29
407 774 0.4 0.65
407 724 0.86 0.23
408 891 0.23 0.91
408 430 0.55 0.89
408 590 0.27 0.85
408 704 0.2 0.15
408 725 0.57 0.76
408 409 0.25 0.59
408 410 0.11 0.51
408 433 0.45 0.43
408 728 0.97 1
408 858 0.37 0.7
409 725 0.75 0.66
409 891 0.33 0.57
409 992 0.94 0.98
409 433 0.73 0.97
409 412 0.76 0.33
409 787 0.11 0.72
409 542 0.42 0.83
409 410 0.23 0.53
409 541 1 0.93
409 936 0.85 0.54
409 430 0.74 0.16
410 539 0.94 0.86
410 551 0.47 0.88
410 772 0.6 0.86
411 589 0.64 0.7
411 942 0.18 0.3
411 742 0.77 0.97
411 744 0.12 0.87
411 551 0.38 0.32
411 412 0.8 0.09
411 725 0.57 0.01
411 723 0.66 0.87
412 982 0.74 0.56
412 883 1 0.51
412 589 0.68 0.55
412 723 0.43 0.85
412 551 0.46 0.68
413 748 0.39 0.42
413 433 0.29 0.08
414 913 0.66 0.83
414 826 0.77 0.93
414 651 0.02 0.26
414 661 0.44 0.21
414 548 0.27 0.56
414 451 0.36 0.12
414 506 0.23 0.44
414 537 0.32 0.35
414 534 0.41 0.06
414 704 0.47 0.46
414 567 0.32 0.17
415 850 0.01 0.58
415 572 0.98 0.55
416 871 0.8 0.62
416 749 0.01 0.01
416 456 0.42 0.76
416 611 0.43 0.55
417 993 0.66 0.08
417 483 0.86 0.91
417 604 0.82 0.07
417 994 0.3 0.22
417 522 0.8 0.89
417 754 0.51 0.61
418 847 0.64 0.9
418 485 0.4 0.4
418 807 0.5 0.48
418 563 0.83 0.25
418 512 0.48 0.32
418 459 0.82 0.11
419 542 0.06 0.61
419 573 1 0.23
419 774 0.32 0.93
420 608 0.18 0.25
421 823 0.25 0.51
421 956 0.72 0.18
421 995 0.98 0.16
421 553 0.59 0.9
421 563 0.26 0.32
421 446 0.13 0.5
422 996 0.85 0.86
422 659 0.3 0.88
424 658 0.05 0.44
424 839 0.37 0.39
424 928 0.61 0.67
424 429 0.47 0.34
424 816 0.89 0.96
426 507 0.54 0.46
426 506 0.29 0.31
426 997 0.94 0.8
426 508 0.84 0.06
426 907 0.79 0.22
426 475 0.2 0.56
426 863 0.01 0.65
426 998 0.18 0.76
426 499 0.09 0.55
426 867 0.36 0.8
426 999 0.43 0.14
426 516 0.16 0.84
428 453 0.34 0.74
428 897 0.35 0.67
428 883 0.59 0.73
428 1000 0.66 0.33
428 553 0.59 0.48
428 459 0.51 0.76
428 918 0.47 0.45
428 542 0.76 0.73
428 816 0.35 0.58
428 774 0.74 0.76
428 519 0.51 0.36
428 545 0.47 0.18
428 631 0.04 0.16
428 1001 0.19 0.1
429 496 0.29 0.27
429 499 0.24 0.47
429 498 0.38 0.24
429 484 0.34 0.85
429 509 0.64 0.1
430 755 0.68 0.82
430 903 0.49 0.36
430 891 0.65 0.4
430 1002 1 0.06
431 931 0.33 0.97
431 962 0.72 0.45
431 906 0.69 0.39
431 1003 0.08 0.92
431 1004 0.52 0.99
431 859 0.32 0.64
431 609 0.46 0.8
431 821 0.41 0.35
432 686 0.63 0.82
432 542 0.84 0.07
432 926 0.83 0.18
432 801 0.33 0.88
433 885 0.38 0.04
433 570 0.12 0.55
433 886 0.01 0.22
433 787 0.68 0.43
433 725 0.03 0.9
433 541 0.65 0.14
433 992 0.35 0.17
433 884 0.59 0.64
433 551 0.36 0.26
433 755 0.14 0.07
433 887 0.42 0.32
433 883 0.66 0.87
433 728 0.1 0.51
433 747 0.12 0.1
433 635 0.6 0.79
433 539 0.26 0.15
433 723 0.81 0.78
433 467 0.82 0.45
433 686 0.1 0.61
433 503 0.42 0.35
434 690 0.08 0.79
436 438 0.08 0.02
437 728 0.14 0.28
437 500 0.59 0.25
437 724 0.7 0.12
437 551 0.1 0.94
438 1005 0.38 0.35
438 649 0.51 0.27
439 443 0.1 0.81
439 639 0.3 0.74
440 881 0.47 0.75
440 698 0.15 0.82
440 697 0.57 0.48
440 516 0.26 0.78
440 805 0.28 0.21
440 583 1 0.55
442 808 0.03 0.8
442 774 0.84 0.59
442 833 0.17 0.33
442 748 0.87 0.69
442 443 0.34 0.04
442 503 0.41 0.94
442 538 0.97 0.99
444 585 0.21 0.59
444 450 0.78 0.02
444 587 0.71 0.15
444 460 0.4 0.48
444 447 0.25 0.52
444 567 0.54 0.9
445 467 0.44 0.7
445 694 0.19 0.4
445 914 0.46 0.26
445 593 0.97 0.83
445 640 0.52 0.08
446 823 0.89 0.84
446 483 0.03 0.88
446 563 0.1 0.93
446 995 0.47 0.69
446 481 0.54 0.94
446 1006 0.18 0.49
446 476 0.39 0.27
446 474 0.39 0.11
446 815 0.35 0.86
448 455 0.03 0.17
449 458 0.21 0.66
449 730 0.73 0.57
450 506 0.95 0.63
450 771 0.64 0.41
450 499 0.34 0.64
450 949 0.86 0.91
450 1007 0.14 0.31
450 661 0.79 0.51
450 537 0.9 0.6
450 835 0.2 0.52
451 687 0.29 0.14
451 656 0.22 0.62
451 653 0.38 0.31
451 1008 0.13 0.74
451 454 0.47 0.39
451 1009 0.43 0.85
451 514 0.9 0.08
451 1010 0.02 0.52
451 913 0.45 0.32
451 651 0.51 0.79
451 655 0.01 0.14
451 662 0.74 0.5
451 587 0.15 0.35
451 661 0.99 0.71
451 455 0.37 0.42
452 483 0.49 0.94
452 563 0.26 0.27
452 686 0.83 0.09
453 622 0.55 0.31
453 820 0.84 0.3
453 1011 0.33 0.49
453 623 0.95 0.88
453 624 0.53 0.11
453 602 1 0.55
453 1012 0.11 0.57
453 621 0.33 0.6
453 620 0.52 0.53
453 1013 0.69 0.76
453 603 0.73 0.19
453 703 0.16 0.37
453 463 0.74 0.45
453 597 0.06 0.61
453 707 0.37 0.63
453 577 0.78 0.3
454 587 0.05 0.95
454 653 0.87 0.84
454 514 0.91 0.09
454 659 0.83 0.07
455 1008 0.05 0.85
455 816 0.57 0.54
455 760 0.56 0.62
456 922 0.37 0.99
456 467 0.5 0.52
457 1014 0.04 0.76
457 1000 0.87 0.68
457 1015 0.7 0.77
457 602 0.29 0.85
457 706 0.01 0.72
457 547 0.82 0.41
457 631 0.12 0.37
457 839 0.65 0.63
458 1016 0.93 0.3
458 699 0.56 0.44
458 1017 0.4 0.16
458 979 0.57 0.47
458 1018 0.7 0.81
458 700 0.28 0.77
458 839 0.76 0.3
458 841 0.26 0.01
459 756 0.47 0.87
459 532 0.77 0.1
459 563 0.63 0.43
459 553 0.84 0.18
459 1019 0.91 0.38
459 994 0.59 0.37
459 470 0.3 0.1
459 512 0.29 0.31
459 483 0.5 0.35
459 1020 0.38 0.9
459 485 0.9 0.6
459 847 0.64 0.9
459 1021 0.56 0.78
459 921 0.96 0.28
459 1022 0.08 0.42
459 476 0.11 0.6
459 1023 0.29 0.02
459 1024 0.46 0.42
459 486 0.56 1
459 1025 0.61 0.22
459 1026 0.16 0.8
459 1001 0.59 0.13
460 631 0.08 0.31
461 989 0.01 0.76
461 1008 0.56 0.92
461 1027 0.9 0.83
461 817 0.28 0.06
463 820 0.91 0.55
463 623 0.89 0.27
463 773 0.84 0.42
463 625 0.45 0.67
463 602 0.15 0.75
463 1028 0.99 0.32
463 624 0.25 0.75
463 1012 0.81 0.12
464 601 0.62 0.21
464 544 0.03 0.52
465 764 0.84 0.79
465 710 0.8 0.63
465 548 0.16 0.88
465 522 0.55 0.66
465 637 0.66 0.29
465 1029 0.31 0.67
465 1030 0.18 0.63
466 659 0.23 0.05
466 587 0.73 0.26
466 769 0.03 0.28
466 768 0.26 0.71
466 653 0.15 0.91
466 951 0.44 0.25
466 818 0.42 0.29
466 467 0.06 0.07
466 548 0.85 0.34
466 469 0.56 0.09
466 1009 0.48 0.69
467 1031 0.49 0.86
467 931 0.9 0.58
467 648 0.05 0.13
467 1032 0.54 0.09
467 911 0.02 0.13
467 488 0.05 0.23
467 835 0.5 0.94
467 557 0.9 0.13
467 964 0.95 0.86
467 572 0.65 0.15
467 551 0.28 0.84
469 499 0.83 0.55
469 809 0.08 0.66
469 500 0.54 0.21
469 520 0.28 0.68
469 835 0.9 0.35
470 512 0.02 0.99
470 756 0.33 0.72
470 807 0.37 0.15
470 847 0.18 0.68
470 1033 0.18 0.99
470 544 0.64 0.98
471 695 0.4 0.55
474 708 0.75 0.75
474 1019 0.78 0.38
474 1034 0.76 0.46
474 1006 0.25 0.82
474 848 0.58 0.37
474 553 0.33 0.08
474 482 0.26 0.27
475 869 0.41 0.98
475 479 0.49 0.53
475 484 0.18 0.6
475 507 0.83 0.38
475 756 0.37 0.8
476 995 0.15 0.2
476 482 0.8 0.75
476 932 0.77 0.98
476 1019 0.39 0.61
476 994 0.64 0.34
476 1035 0.77 0.75
476 485 0.95 0.57
477 563 0.82 0.53
478 479 0.46 0.48
478 1036 0.96 0.49
478 956 0.14 0.93
478 553 0.34 0.63
478 480 0.03 0.12
478 848 0.81 0.8
478 563 0.28 0.77
479 1036 0.98 0.22
479 956 0.35 0.8
479 482 0.13 0.6
479 810 0.75 0.46
479 995 0.95 0.1
479 874 0.83 0.63
479 674 0.86 0.43
480 708 0.01 0.8
480 1037 0.03 0.75
480 486 0.4 0.28
480 662 0.32 1
480 705 0.74 0.89
480 690 0.54 0.49
480 563 0.28 0.74
480 846 0.17 0.61
480 1038 0.58 0.95
480 553 0.38 0.1
481 867 0.16 0.89
481 848 0.03 0.95
481 994 0.97 0.74
482 1039 0.7 0.36
482 486 0.63 0.02
482 490 0.03 0.59
482 521 0.51 0.92
482 1040 0.4 0.77
482 496 0.25 0.09
482 606 0.78 0.55
482 708 0.43 0.1
482 483 0.16 0.12
482 1041 0.19 0.03
482 1007 0.18 0.82
482 563 0.89 0.92
482 498 0.14 0.43
482 1034 0.36 0.77
482 1042 0.28 0.08
482 1021 0.71 0.43
482 485 0.95 0.63
482 994 0.86 0.77
482 868 0.28 0.54
483 485 0.75 0.65
483 708 0.39 0.27
483 563 0.79 0.85
483 994 0.33 0.5
483 548 0.14 0.62
483 869 0.13 0.15
483 870 0.3 0.66
483 1023 0.88 0.92
484 509 0.06 0.25
484 604 0.89 0.81
484 507 0.55 0.32
485 564 0.26 0.28
485 756 0.7 0.79
485 921 0.11 0.22
485 1019 0.14 0.32
485 994 0.43 0.86
485 512 0.11 0.94
485 847 0.1 0.23
485 1022 0.57 0.7
485 1035 0.21 0.15
486 563 0.44 0.45
486 756 0.24 0.44
486 1025 0.98 0.72
486 1043 0.66 0.1
486 1044 0.61 0.78
488 494 0.81 0.17
488 873 0.49 0.9
488 693 0.18 0.22
488 674 0.38 0.39
488 688 0.9 0.3
488 877 0.95 0.34
488 1045 0.82 0.57
489 490 0.13 0.76
490 496 0.22 0.02
490 606 0.9 0.57
490 521 0.9 0.65
490 1040 0.09 0.84
490 631 0.79 0.45
490 516 0.01 0.06
494 805 0.37 0.04
494 873 0.21 0.88
494 688 0.67 0.31
494 1046 0.92 0.49
494 874 0.39 0.05
494 667 0.65 0.85
494 877 0.64 0.29
494 693 0.63 0.14
495 978 0.79 0.88
496 606 0.88 0.52
496 1040 0.16 0.3
497 1047 0.04 0.5
497 763 0.56 0.5
497 699 0.57 0.65
497 978 0.14 0.97
497 498 0.96 0.86
498 1000 0.61 0.58
498 1048 0.5 0.27
498 700 0.06 0.41
499 606 0.33 0.99
499 538 0.26 0.36
499 505 0.73 0.95
499 536 0.2 0.11
499 506 0.24 0.44
499 561 0.99 0.31
499 729 0.93 0.96
499 507 0.67 0.46
500 659 0.51 0.92
500 642 0.61 0.11
500 637 0.91 0.02
500 820 0.31 0.22
500 548 0.73 0.53
500 817 0.84 0.99
502 504 0.86 0.93
502 572 0.3 0.06
502 650 0.08 0.96
503 1049 0.49 0.14
503 729 0.36 0.29
503 892 0.36 0.74
503 891 0.29 1
503 980 0.4 0.57
503 919 0.26 0.99
503 723 0.97 0.26
503 725 0.82 0.97
503 894 0.61 0.88
503 832 0.33 0.46
503 548 0.44 0.88
503 551 0.12 0.33
504 735 0.93 0.16
504 572 0.21 0.41
504 740 0.5 0.15
505 524 0.51 0.2
505 508 0.78 0.46
506 508 0.53 0.51
506 889 0.01 0.1
506 606 0.3 0.71
506 561 0.56 0.94
506 539 0.85 0.4
506 516 0.73 0.72
506 998 0.51 0.57
506 941 0.77 0.22
507 510 0.99 0.49
507 754 0.76 0.94
507 606 0.53 0.28
507 717 0.31 0.39
507 508 0.82 0.97
508 520 0.16 0.65
508 1049 0.14 0.27
508 711 0.12 0.99
511 697 0.56 0.95
511 907 0.73 0.25
511 903 0.28 0.74
511 1050 0.61 0.64
511 888 0.51 0.36
511 774 0.08 0.87
511 808 0.54 0.15
511 833 0.95 0.53
511 895 0.78 0.04
511 832 0.6 0.85
511 991 0.07 0.42
512 847 0.87 0.84
512 807 0.45 0.39
512 756 0.84 0.88
512 1033 0.59 0.64
512 563 0.09 0.7
513 1051 0.43 0.25
514 770 0.23 0.79
517 591 0.15 0.85
517 593 0.06 0.66
517 599 0.26 0.32
517 600 0.77 0.73
517 598 0.24 0.69
517 531 0.91 0.68
517 835 0.47 0.54
520 764 0.22 0.59
520 710 0.85 0.76
520 577 0.58 0.21
520 1015 0.86 0.37
520 528 0.12 0.37
521 606 0.93 0.56
522 821 0.02 0.84
522 1052 0.01 0.91
522 764 0.02 0.22
522 527 0.34 0.55
522 569 0.39 0.4
522 545 0.52 0.6
523 577 1 0.34
526 901 0.05 0.1
526 528 0.17 0.65
526 557 0.61 0.41
526 911 0.87 0.84
526 1053 0.29 0.25
527 764 0.54 0.21
527 821 0.57 0.88
527 548 0.12 0.99
528 557 0.18 0.72
528 902 0.72 0.57
529 949 0.47 0.63
530 880 0.93 0.69
531 704 0.7 0.26
531 686 0.47 0.54
531 1054 0.44 0.54
531 830 0.92 0.56
531 679 0.14 0.29
531 653 0.32 0.53
532 756 0.04 0.08
532 611 0.15 0.32
534 1055 0.23 0.59
537 949 0.58 0.21
537 1056 0.95 0.28
540 548 0.67 0.06
540 1008 0.15 0.33
541 755 0.21 0.07
541 724 0.34 0.41
541 725 0.49 0.39
541 551 0.52 0.46
541 728 0.26 0.8
541 887 0.73 0.78
541 832 0.37 0.49
541 885 0.48 1
542 557 0.38 0.08
542 616 0.52 0.55
542 580 0.43 0.08
542 720 0.4 0.05
542 686 0.11 0.76
542 1033 0.46 0.25
542 708 0.52 0.25
544 580 0.48 0.46
544 708 0.13 0.61
544 720 0.93 0.13
544 640 0.48 0.21
545 1052 0.7 0.69
545 1057 0.19 0.68
545 568 0.69 0.07
548 830 0.57 0.63
548 567 0.75 0.04
548 563 0.59 0.83
548 659 0.61 0.72
548 1058 0.4 0.45
548 550 0.3 0.54
548 764 0.35 0.35
548 815 0.79 0.17
550 764 0.89 0.07
551 725 0.22 0.49
551 884 0.47 0.79
551 885 0.14 0.8
551 755 0.67 0.94
551 787 0.75 0.5
551 570 0.39 0.67
551 886 0.46 0.51
551 887 0.19 0.12
551 728 0.82 0.2
551 724 0.39 0.47
551 729 0.67 0.9
551 589 0.12 0.53
551 883 0.65 0.7
552 567 0.78 0.04
552 1059 0.81 0.11
552 662 0.87 0.34
552 1060 0.66 0.56
552 852 0.03 0.11
553 868 0.59 0.03
553 927 0.2 0.75
553 848 0.91 0.88
553 1061 0.9 0.54
553 1006 0.23 0.22
553 564 0.77 0.37
553 708 0.82 0.49
553 823 0.49 0.14
553 867 0.98 0.52
553 563 0.51 0.86
554 859 0.36 0.02
554 832 0.98 0.85
554 686 0.73 0.77
554 1062 0.62 0.85
554 1008 0.45 0.63
554 774 0.61 0.89
554 591 0.87 0.38
554 833 0.69 0.87
555 572 0.38 0.45
556 572 0.66 0.43
556 720 0.13 0.99
556 719 0.75 0.24
557 911 0.26 0.52
557 902 0.09 0.03
557 1053 0.25 0.55
557 901 0.23 0.11
558 740 0.15 0.69
559 1063 0.38 0.05
560 911 1 0.45
560 901 0.97 0.13
560 1053 0.31 0.51
560 1064 0.99 0.25
560 859 0.18 0.57
560 1065 0.99 0.62
561 587 0.08 0.02
561 653 0.25 0.69
561 659 0.87 0.58
561 567 0.83 0.17
561 768 0.13 0.49
561 676 0.55 0.05
561 577 0.84 0.13
563 995 0.61 0.38
563 868 0.74 0.32
563 994 0.64 0.95
563 761 0.85 0.46
563 867 0.2 0.94
563 823 0.69 0.42
563 848 0.37 0.82
563 577 0.07 0.07
563 847 0.89 0.46
563 708 0.49 0.69
563 956 0.07 0.54
563 807 0.24 0.38
563 659 0.64 0.21
563 1025 0.99 0.59
564 815 0.53 0.75
564 823 0.72 0.48
564 1037 0.64 0.06
565 566 0.17 0.7
565 881 0.79 0.16
567 655 0.64 0.86
567 597 0.93 0.49
567 1060 0.22 0.53
567 659 0.89 0.03
567 953 1 0.02
568 668 0.66 0.01
570 594 0.9 0.88
570 887 0.34 0.23
570 884 0.36 0.82
570 885 0.14 0.64
570 787 0.99 0.5
570 755 0.35 0.25
570 886 0.55 0.97
570 725 0.63 0.76
571 611 0.87 0.13
571 959 0.25 0.18
571 979 0.11 0.6
571 658 0.63 0.54
572 709 0.05 0.34
572 850 0.06 0.41
577 1066 0.26 0.62
577 1067 0.98 0.91
577 610 0.99 0.44
577 1068 0.74 0.94
577 670 0.14 0.32
577 655 0.96 0.01
577 1069 0.85 0.5
577 602 0.68 0.01
577 603 0.59 0.77
577 658 0.12 0.6
577 1070 1 0.76
577 810 0.58 0.63
577 865 0.01 0.19
577 890 0.53 0.99
577 714 0.45 0.8
578 843 0.91 0.19
580 685 0.25 0.26
581 756 0.23 0.54
583 805 0.14 0.43
583 779 0.52 0.78
583 698 0.21 0.42
584 662 1 0.16
584 676 0.7 0.75
584 705 0.63 0.07
584 690 0.27 0.25
584 982 0.59 0.24
584 699 0.67 0.48
585 882 0.48 0.17
585 637 0.03 0.99
586 1030 0.97 0.25
586 1071 0.38 0.58
587 951 0.02 0.65
587 653 0.44 0.03
587 952 0.57 0.62
587 769 0.55 0.28
587 768 0.65 0.88
587 655 0.67 0.69
587 659 0.94 0.71
587 950 0.33 0.72
587 654 0.73 0.88
587 818 0.63 0.15
587 771 0.81 0.44
587 1072 0.85 0.42
587 953 0.1 0.64
587 686 0.29 0.86
588 661 0.02 0.02
589 939 0.41 0.12
589 742 0.19 0.65
589 746 0.15 0.62
589 944 0.21 0.9
589 743 0.98 0.56
589 960 0.29 0.52
589 945 0.07 0.07
589 747 0.49 0.77
589 723 0.85 0.87
589 590 0.68 0.24
589 755 0.21 0.03
589 729 0.82 0.35
590 723 0.05 0.75
590 944 0.57 0.02
590 725 0.06 0.08
590 743 0.28 0.81
590 724 0.53 0.38
590 742 0.71 0.15
590 745 0.44 0.37
591 1073 0.18 0.9
591 594 0.63 0.8
591 649 0.8 0.41
591 593 0.14 0.75
591 894 0.62 0.05
591 724 0.63 0.97
592 1074 0.07 0.29
592 744 0.89 0.97
592 1075 0.73 0.97
592 694 0.59 0.89
593 599 0.46 0.09
593 647 0.84 0.7
593 598 0.89 0.97
593 600 0.78 0.66
593 694 0.21 0.29
594 724 0.88 0.33
595 741 0.11 0.09
595 785 0.76 0.32
596 597 0.9 0.18
597 707 0.68 0.22
597 1031 0.6 0.62
597 714 0.68 0.49
597 924 0.1 0.2
597 620 0.07 0.22
597 1076 0.45 0.12
597 653 0.83 0.81
597 1061 0.23 0.82
597 622 0.56 0.01
597 740 0.86 0.24
597 952 0.99 0.92
597 602 0.14 0.8
598 785 0.39 0.23
598 600 0.66 0.33
598 779 0.83 0.56
599 741 0.47 1
599 724 0.66 0.05
599 964 0.22 0.09
600 1045 0.08 0.94
601 622 0.94 0.35
601 621 0.14 0.38
602 620 0.04 0.68
602 854 0.95 0.8
602 740 0.36 0.28
602 629 0.69 0.86
603 620 0.44 0.65
605 871 0.69 0.77
606 1040 0.22 0.7
607 923 0.29 0.43
607 633 0.76 0.77
607 984 0.69 0.55
608 871 0.58 0.39
609 821 0.08 0.6
609 1077 0.53 0.99
609 966 0.42 0.45
609 611 0.6 0.95
609 1078 0.5 0.54
610 1000 0.25 0.97
610 613 0.64 0.97
611 967 0.3 0.2
611 1079 0.1 0.54
611 1080 0.36 0.35
611 984 0.05 0.17
611 922 0.55 0.86
611 1081 0.52 0.05
611 1082 0.5 0.49
611 1083 0.46 0.09
612 1018 0.5 0.98
613 853 0.89 0.42
613 699 0.54 0.75
616 1084 0.36 0.53
620 736 0.32 0.83
621 622 0.43 0.14
621 1012 0.6 0.39
623 820 0.8 0.97
624 676 0.92 0.33
626 635 0.65 0.9
628 682 0.71 0.34
628 639 0.49 0.09
629 871 0.62 0.35
632 729 0.83 0.89
632 858 0.37 0.49
633 984 0.96 0.87
633 923 0.67 0.89
633 871 0.66 0.62
633 968 0.71 0.38
633 1077 0.27 0.59
635 736 0.09 0.47
635 1013 0.7 0.54
637 676 0.39 0.1
640 642 0.75 0.93
640 641 0.28 0.61
640 645 0.18 0.05
640 644 0.12 0.37
641 642 0.43 0.7
642 644 0.16 0.95
646 786 0.23 0.77
646 782 0.16 0.21
646 785 0.51 0.92
647 791 0.33 0.84
647 694 0.05 0.72
648 659 0.25 0.54
648 772 0.36 0.94
648 782 0.25 0.24
649 774 0.12 0.3
649 695 0.83 0.29
649 697 0.84 0.39
650 1085 0.62 0.3
652 852 0.93 0.17
653 659 0.05 0.61
653 769 0.94 0.8
653 768 0.38 0.03
653 655 0.74 0.14
653 771 0.03 0.98
655 768 0.31 0.42
655 952 0.73 0.29
656 824 0.85 0.29
656 978 0.31 0.96
656 845 0.97 0.32
656 660 0.65 0.01
656 751 0.38 0.69
657 934 0.65 0.61
657 1086 0.4 0.29
657 1087 0.94 0.62
657 986 0.89 0.09
657 1088 0.51 0.09
658 852 0.91 0.37
659 768 0.81 0.06
659 771 0.18 0.27
659 1059 0.37 0.97
659 961 0.19 0.7
659 663 0.58 0.14
659 676 0.19 0.61
660 753 0.04 0.28
660 1083 0.18 0.2
660 751 0.24 0.3
660 703 0.38 0.16
660 983 0.68 0.7
661 714 0.45 0.77
662 705 0.72 0.57
662 690 0.4 0.08
662 1089 0.79 0.12
663 1090 0.05 0.14
664 989 0.65 0.94
667 879 0.86 0.39
667 693 0.32 0.16
670 835 0.91 0.54
670 777 0.89 0.04
670 1091 0.67 0.73
674 874 0.24 0.19
674 1046 0.17 0.62
674 693 0.57 0.56
679 1092 0.08 0.12
686 1006 0.07 0.33
686 703 0.39 0.55
686 702 0.32 0.15
686 691 0.01 0.48
686 697 1 0.51
686 1066 0.5 0.95
686 1000 0.77 0.79
687 883 0.39 0.95
688 693 0.66 0.8
690 974 0.66 0.17
690 705 0.16 0.82
690 852 0.71 0.29
691 883 0.28 0.9
692 1085 0.04 0.75
693 1093 0.63 0.79
694 695 0.61 0.15
694 785 0.73 0.05
696 774 0.33 0.81
696 789 0.31 0.25
697 789 0.27 0.6
697 796 0.35 0.15
697 800 0.82 0.95
698 1094 0.13 0.46
698 805 0.38 0.13
698 986 0.46 0.68
698 878 0.07 0.45
699 839 0.9 0.7
700 839 0.58 0.77
700 1095 0.39 0.18
702 782 0.09 0.43
703 774 0.57 0.59
704 995 0.27 0.46
704 1096 0.26 0.64
705 993 0.19 0.16
705 846 0.51 0.38
705 1097 0.13 0.82
705 1042 0.9 0.12
705 1037 0.71 0.13
705 1038 0.48 0.49
705 754 0.89 0.49
706 852 0.42 0.61
706 1009 0.8 0.68
706 824 0.59 0.66
706 953 0.31 0.9
708 815 0.84 0.15
708 1037 0.07 0.01
708 1034 0.05 0.15
708 1097 0.5 0.58
708 848 0.46 0.03
709 720 0.14 0.75
709 850 1 0.94
709 732 0.73 0.17
709 731 0.41 0.41
710 860 0.14 0.15
710 1049 0.07 0.07
710 899 0.57 0.26
711 794 0.37 0.56
713 1098 0.81 0.48
713 987 0.88 0.86
714 949 0.88 0.59
717 811 0.35 0.43
718 907 0.17 0.7
722 736 0.91 0.64
723 944 0.57 0.97
723 743 0.53 0.5
723 939 0.78 0.83
723 746 0.59 0.61
723 985 0.61 0.98
723 1099 0.52 0.37
723 957 0.07 0.87
723 940 0.76 0.71
723 745 0.97 0.36
723 945 0.19 0.38
724 725 0.48 0.72
724 728 0.49 0.46
724 797 0.6 0.35
724 786 0.77 0.93
724 729 0.58 0.75
725 728 0.81 0.76
725 977 0.51 0.66
725 884 0.3 0.08
725 885 0.05 0.28
725 755 0.23 0.96
725 787 0.2 0.06
725 886 0.43 0.39
725 887 0.33 0.01
727 730 0.16 0.84
727 991 0.87 0.37
727 1002 0.42 0.71
727 975 0.87 0.52
728 858 0.94 0.77
729 755 0.89 0.5
729 982 0.36 0.13
729 944 0.52 0.48
729 981 0.71 0.99
729 980 0.54 0.67
730 973 0.25 0.15
730 1002 0.62 0.59
730 991 0.61 0.38
733 820 0.67 0.12
735 936 0.9 0.77
737 792 0.05 0.05
741 964 0.97 0.75
742 747 0.6 0.27
742 944 0.49 0.71
742 943 0.87 0.52
742 745 0.91 0.92
743 745 0.5 0.67
743 944 0.15 0.43
743 744 0.08 0.63
743 782 0.89 0.43
743 747 0.17 0.85
744 939 0.32 0.45
744 747 0.21 0.47
744 944 0.76 0.56
744 745 0.18 0.16
745 944 0.89 0.17
745 747 0.86 0.38
747 939 0.02 0.54
747 1074 0.4 0.96
749 871 0.55 0.54
752 753 0.64 0.16
753 811 0.83 0.68
755 884 0.21 0.2
755 885 0.52 0.06
755 787 0.15 0.14
755 886 0.66 0.98
755 887 0.1 0.81
755 774 0.65 0.94
756 1044 0.11 0.43
756 1026 0.52 0.66
756 807 0.15 0.15
756 1100 0.97 0.34
756 1019 0.83 0.48
756 1024 0.49 0.88
756 847 0.14 0.09
756 1025 0.03 0.59
760 934 0.86 0.86
760 929 0.13 0.26
763 1047 0.68 0.77
764 794 0.41 0.91
764 821 0.39 0.99
764 1101 0.97 0.8
764 1052 0.18 0.21
765 773 0.3 0.79
767 1102 0.76 0.96
768 769 0.06 0.02
768 952 0.34 0.06
769 818 1 0.98
769 974 0.81 0.15
769 1072 0.07 0.82
770 1103 0.98 0.34
770 952 0.88 0.6
771 818 0.25 0.38
772 975 0.58 0.84
773 895 0.11 0.22
774 832 0.04 0.6
774 883 0.52 0.23
774 808 0.92 0.83
774 833 0.49 0.16
779 785 0.67 0.74
782 785 0.58 0.72
783 889 0.87 0.27
783 935 0.66 0.93
783 884 0.96 0.55
783 894 0.86 0.29
783 890 0.96 0.93
787 884 0.45 0.09
787 885 0.85 0.71
787 886 0.35 0.03
787 887 0.48 0.92
792 1066 0.43 0.23
792 1068 0.48 0.7
792 1004 0.28 0.94
792 1104 0.68 0.71
792 1077 0.64 0.67
793 808 0.05 0.12
794 1065 0.73 0.24
794 902 0.57 0.15
798 925 0.81 0.7
801 1105 0.6 1
806 849 0.01 0.36
807 1096 0.47 0.47
807 847 0.77 0.73
807 1033 0.22 0.29
807 1022 0.11 0.07
808 832 0.4 0.91
808 833 0.71 0.01
810 1036 0.56 0.76
810 956 0.35 0.45
811 845 0.46 0.78
813 824 0.88 0.03
815 848 0.89 0.87
815 846 0.64 0.92
815 822 0.37 0.5
817 989 0.29 0.34
818 952 0.65 0.5
818 1057 0.64 0.59
818 951 0.35 0.71
819 852 0.12 0.21
821 1052 0.54 0.22
823 1035 0.88 0.34
823 869 0.42 0.78
823 867 0.34 0.48
823 1106 0.47 0.78
827 1061 0.93 0.48
830 975 0.79 0.55
832 833 0.24 0.34
832 907 0.89 0.29
833 1107 0.52 0.12
835 1108 0.06 0.23
835 858 0.35 0.27
835 1009 0.75 0.01
835 1109 0.3 0.34
835 1110 0.36 0.07
836 837 0.6 0.94
836 879 0.4 0.84
839 979 0.31 0.44
846 1097 0.95 0.83
846 1042 0.35 0.7
846 1034 0.91 0.17
846 1038 0.64 0.08
847 1044 0.05 0.64
847 1097 0.21 0.2
847 1033 0.9 0.22
848 1034 0.27 0.83
848 1042 0.04 0.68
848 1036 0.98 0.08
848 1097 0.19 0.74
852 928 0.79 0.96
853 868 0.97 0.3
854 1111 0.31 0.7
854 870 0.08 0.51
854 922 0.56 0.68
854 867 0.19 0.4
854 868 0.29 0.67
858 1112 0.83 0.65
859 962 0.36 0.29
859 1004 0.38 0.92
859 906 0.28 0.33
860 1049 0.52 0.27
860 988 0.97 0.85
860 987 0.58 0.83
864 975 0.86 0.05
864 1112 0.4 0.67
867 868 0.81 0.18
867 1111 0.29 0.23
867 869 0.79 0.67
868 1111 0.83 0.63
869 1034 0.01 0.17
869 870 0.69 0.97
869 1113 0.85 0.78
869 1037 0.73 0.42
873 1114 0.95 0.05
877 1094 0.2 0.23
883 1115 0.54 0.41
884 885 0.53 0.69
884 886 0.7 0.2
884 887 0.12 0.79
885 886 0.26 0.3
885 887 0.77 0.22
886 887 0.11 0.97
888 895 0.47 0.98
888 935 0.35 0.45
888 890 0.28 0.89
889 1116 0.32 0.17
889 977 0.45 0.53
890 906 0.33 0.45
890 895 0.43 0.52
893 980 0.27 0.52
893 1010 0.75 0.95
893 982 0.44 0.6
893 894 0.82 0.43
893 975 0.2 0.37
893 919 0.16 0.66
893 981 0.03 0.72
894 980 0.89 0.62
894 975 0.6 0.13
894 982 0.92 0.38
894 919 0.87 0.45
895 935 0.7 0.33
895 923 0.68 0.78
897 1117 0.71 0.94
898 899 0.82 0.57
899 1057 0.94 0.99
901 1065 0.82 0.21
901 911 0.36 0.59
903 1050 0.78 0.11
903 907 0.24 0.25
906 1003 0.91 1
906 1004 0.6 0.89
906 1066 0.89 0.5
906 1068 0.16 0.77
906 910 0.67 0.67
907 991 1 0.76
907 1002 0.52 0.57
909 1068 0.69 0.54
909 1066 0.46 0.64
909 1004 0.16 0.44
909 1104 0.93 0.39
909 1077 0.22 0.19
911 1065 0.41 0.29
911 1064 0.65 0.39
911 1053 0.72 0.09
918 1118 0.12 0.35
919 980 0.2 0.79
919 982 0.04 0.44
920 1089 0.15 0.81
921 1001 0.41 0.04
922 1022 0.39 0.38
923 984 0.81 0.8
927 1061 0.21 0.54
929 1119 0.11 0.23
930 1010 0.19 0.55
930 1120 0.19 0.36
931 962 0.96 0.78
931 1004 0.33 0.36
934 986 0.29 0.41
934 1086 0.09 0.1
939 940 0.5 0.83
939 945 0.85 0.86
940 941 0.85 0.47
941 957 0.82 0.31
949 951 0.83 0.94
953 961 0.18 0.15
956 1036 0.37 0.67
956 994 0.55 0.45
956 995 0.63 0.54
957 1062 0.58 0.36
957 1099 0.27 0.55
957 985 0.23 0.98
959 1121 0.72 0.85
967 1083 0.39 0.19
967 1079 0.07 0.91
975 980 0.76 0.26
975 982 0.63 0.69
978 1122 0.45 0.86
979 1067 0.62 0.44
980 1123 0.94 0.82
980 982 0.34 0.25
986 1086 0.77 0.97
987 1049 0.32 0.99
988 1049 0.01 0.87
989 1008 0.46 0.02
991 1002 0.06 0.02
994 1042 0.23 0.24
994 1111 0.46 0.92
994 995 0.27 0.65
994 1025 0.12 0.28
996 1122 0.73 0.19
997 1124 0.96 0.41
1000 1048 0.9 0.97
1000 1125 0.29 0.51
1003 1066 0.27 0.21
1003 1004 0.43 0.01
1003 1068 0.71 0.28
1003 1104 0.61 0.88
1004 1066 0.7 0.99
1004 1068 0.69 0.91
1004 1104 0.21 0.62
1004 1069 0.87 0.42
1008 1126 0.92 0.89
1016 1067 0.2 0.02
1016 1018 0.61 0.12
1018 1067 0.15 0.28
1022 1127 0.44 0.69
1023 1096 0.69 0.86
1025 1044 0.63 1
1031 1068 0.45 0.44
1031 1077 0.02 0.6
1034 1042 0.75 0.84
1034 1038 0.3 0.06
1034 1097 0.37 0.29
1034 1037 0.8 0.91
1038 1042 0.16 0.13
1038 1097 0.72 0.69
1042 1097 0.01 0.62
1044 1111 0.56 0.99
1052 1128 0.75 0.67
1065 1104 0.43 1
1066 1069 0.16 0.43
1066 1068 0.65 0.46
1066 1104 0.98 0.42
1066 1077 0.22 0.92
1068 1104 0.49 0.7
1068 1069 0.16 0.05
1068 1077 0.37 0.96
1069 1104 0.57 0.54
1072 1129 0.1 0.59
1077 1078 0.13 0.3
1079 1083 0.26 0.07
1079 1130 0.04 0.55
1086 1131 0.38 0.16
1087 1088 0.75 0.49
1095 1132 0.37 0.64
1097 1111 0.7 0.95
